3
 -4081.0 -3229.0 -3122.0 0
 -1647.0 -4941.0 -1708.0 1
 -1647.0 -4941.0 -1708.0 1
 -1647.0 -4941.0 -1708.0 1
 -1647.0 -4941.0 -1708.0 1
 -1647.0 -4941.0 -1708.0 1
 -1647.0 -4941.0 -1708.0 1
 -1647.0 -4941.0 -1708.0 1
 -1647.0 -4941.0 -1708.0 1
 -1647.0 -4941.0 -1708.0 1
 -1647.0 -4941.0 -1708.0 1
 -1647.0 -4941.0 -1708.0 1
 -1647.0 -4941.0 -1708.0 1
 -1647.0 -4941.0 -1708.0 1
 -1647.0 -4941.0 -1708.0 1
 -1647.0 -4941.0 -1708.0 1
 -1647.0 -4941.0 -1708.0 1
 -1647.0 -4941.0 -1708.0 1
 -1647.0 -4941.0 -1708.0 1
 -1647.0 -4941.0 -1708.0 1
 -1647.0 -4941.0 -1708.0 1
 -1647.0 -4941.0 -1708.0 1
 -1647.0 -4941.0 -1708.0 1
 -1647.0 -4941.0 -1708.0 1
 -1647.0 -4941.0 -1708.0 1
 -1647.0 -4941.0 -1708.0 1
 -1647.0 -4941.0 -1708.0 1
 -1647.0 -4941.0 -1708.0 1
 -1647.0 -4941.0 -1708.0 1
 -1647.0 -4941.0 -1708.0 1
 -1647.0 -4941.0 -1708.0 1
 -1647.0 -4941.0 -1708.0 1
 -1647.0 -4941.0 -1708.0 1
 -1647.0 -4941.0 -1708.0 1
 -1647.0 -4941.0 -1708.0 1
 -1647.0 -4941.0 -1708.0 1
 -1647.0 -4941.0 -1708.0 1
 -1647.0 -4941.0 -1708.0 1
 -1647.0 -4941.0 -1708.0 1
 -1647.0 -4941.0 -1708.0 1
 -1647.0 -4941.0 -1708.0 1
 -1647.0 -4941.0 -1708.0 1
 -1647.0 -4941.0 -1708.0 1
 -1647.0 -4941.0 -1708.0 1
 -1647.0 -4941.0 -1708.0 1
 -1647.0 -4941.0 -1708.0 1
 -1647.0 -4941.0 -1708.0 1
 -1647.0 -4941.0 -1708.0 1
 -1647.0 -4941.0 -1708.0 1
 -1647.0 -4941.0 -1708.0 1
 -1647.0 -4941.0 -1708.0 1
 -1647.0 -4941.0 -1708.0 1
 -1647.0 -4941.0 -1708.0 1
 -1647.0 -4941.0 -1708.0 1
 -1647.0 -4941.0 -1708.0 1
 -1647.0 -4941.0 -1708.0 1
 -1647.0 -4941.0 -1708.0 1
 -1647.0 -4941.0 -1708.0 1
 -1647.0 -4941.0 -1708.0 1
 -1647.0 -4941.0 -1708.0 1
 -1647.0 -4941.0 -1708.0 1
 -1647.0 -4941.0 -1708.0 1
 -1647.0 -4941.0 -1708.0 1
 -1647.0 -4941.0 -1708.0 1
 -1647.0 -4941.0 -1708.0 1
 -1647.0 -4941.0 -1708.0 1
 -1647.0 -4941.0 -1708.0 1
 -1647.0 -4941.0 -1708.0 1
 -1647.0 -4941.0 -1708.0 1
 -1647.0 -4941.0 -1708.0 1
 -1647.0 -4941.0 -1708.0 1
 -1647.0 -4941.0 -1708.0 1
 -1647.0 -4941.0 -1708.0 1
 -1647.0 -4941.0 -1708.0 1
 -1647.0 -4941.0 -1708.0 1
 -1647.0 -4941.0 -1708.0 1
 -1647.0 -4941.0 -1708.0 1
 -1647.0 -4941.0 -1708.0 1
 -1647.0 -4941.0 -1708.0 1
 -1647.0 -4941.0 -1708.0 1
 -1647.0 -4941.0 -1708.0 1
 -1647.0 -4941.0 -1708.0 1
 -1647.0 -4941.0 -1708.0 1
 -1647.0 -4941.0 -1708.0 1
 -1647.0 -4941.0 -1708.0 1
 -1647.0 -4941.0 -1708.0 1
 -1647.0 -4941.0 -1708.0 1
 -1647.0 -4941.0 -1708.0 1
 -1647.0 -4941.0 -1708.0 1
 -1647.0 -4941.0 -1708.0 1
 -1647.0 -4941.0 -1708.0 1
 -1647.0 -4941.0 -1708.0 1
 -1647.0 -4941.0 -1708.0 1
 -4081.0 -3229.0 -3122.0 2
