1
 93.56187272727273 0
 95.2945 0
 98.75975454545454 0
 98.75975454545454 0
 98.75975454545454 0
 102.22500909090908 0
 102.22500909090908 0
 102.22500909090908 0
 103.95763636363637 0
 103.95763636363637 0
 103.95763636363637 0
 105.69026363636364 0
 107.42289090909091 0
 107.42289090909091 0
 109.1555181818182 0
 109.1555181818182 0
 109.1555181818182 0
 109.1555181818182 0
 109.1555181818182 0
 109.1555181818182 0
 109.1555181818182 0
 110.88814545454545 0
 110.88814545454545 0
 110.88814545454545 0
 110.88814545454545 0
 110.88814545454545 0
 110.88814545454545 0
 110.88814545454545 0
 110.88814545454545 0
 110.88814545454545 0
 110.88814545454545 0
 110.88814545454545 0
 110.88814545454545 0
 110.88814545454545 0
 110.88814545454545 0
 110.88814545454545 0
 110.88814545454545 0
 110.88814545454545 0
 110.88814545454545 0
 110.88814545454545 0
 110.88814545454545 0
 110.88814545454545 0
 110.88814545454545 0
 110.88814545454545 0
 110.88814545454545 0
 110.88814545454545 0
 110.88814545454545 0
 110.88814545454545 0
 110.88814545454545 0
 110.88814545454545 0
 110.88814545454545 0
 110.88814545454545 0
 110.88814545454545 0
 110.88814545454545 0
 110.88814545454545 0
 110.88814545454545 0
 110.88814545454545 0
 110.88814545454545 0
 110.88814545454545 0
 292.6897727272728 1
 292.6897727272728 1
 292.6897727272728 1
 292.6897727272728 1
 292.6897727272728 1
 292.6897727272728 1
 292.6897727272728 1
 292.6897727272728 1
 292.6897727272728 1
 292.6897727272728 1
 292.6897727272728 1
 292.6897727272728 1
 292.6897727272728 1
 292.6897727272728 1
 292.6897727272728 1
 292.6897727272728 1
 292.6897727272728 1
 292.6897727272728 1
 292.6897727272728 1
 292.6897727272728 1
 292.6897727272728 1
 292.6897727272728 1
 292.6897727272728 1
 292.6897727272728 1
 292.6897727272728 1
 292.6897727272728 1
 292.6897727272728 1
 292.6897727272728 1
 292.6897727272728 1
 292.6897727272728 1
 292.6897727272728 1
 292.6897727272728 1
 292.6897727272728 1
 292.6897727272728 1
 292.6897727272728 1
 292.6897727272728 1
 292.6897727272728 1
 292.6897727272728 1
 292.6897727272728 1
 292.6897727272728 1
 292.6897727272728 1
 292.6897727272728 1
 292.6897727272728 1
 292.6897727272728 1
 292.6897727272728 1
 292.6897727272728 1
 292.6897727272728 1
 292.6897727272728 1
 292.6897727272728 1
 292.6897727272728 1
 292.6897727272728 1
 292.6897727272728 1
 292.6897727272728 1
 292.6897727272728 1
 292.6897727272728 1
 292.6897727272728 1
 292.6897727272728 1
 292.6897727272728 1
 292.6897727272728 1
