1
 91.82924545454546 0
 93.56187272727273 0
 93.56187272727273 0
 97.02712727272728 0
 100.49238181818183 0
 100.49238181818183 0
 100.49238181818183 0
 102.22500909090908 0
 102.22500909090908 0
 103.95763636363637 0
 103.95763636363637 0
 103.95763636363637 0
 107.42289090909091 0
 107.42289090909091 0
 107.42289090909091 0
 107.42289090909091 0
 107.42289090909091 0
 107.42289090909091 0
 109.1555181818182 0
 109.1555181818182 0
 109.1555181818182 0
 109.1555181818182 0
 109.1555181818182 0
 110.88814545454545 0
 110.88814545454545 0
 110.88814545454545 0
 110.88814545454545 0
 110.88814545454545 0
 110.88814545454545 0
 110.88814545454545 0
 110.88814545454545 0
 110.88814545454545 0
 110.88814545454545 0
 110.88814545454545 0
 110.88814545454545 0
 110.88814545454545 0
 110.88814545454545 0
 110.88814545454545 0
 110.88814545454545 0
 110.88814545454545 0
 110.88814545454545 0
 110.88814545454545 0
 110.88814545454545 0
 110.88814545454545 0
 110.88814545454545 0
 110.88814545454545 0
 110.88814545454545 0
 110.88814545454545 0
 110.88814545454545 0
 110.88814545454545 0
 110.88814545454545 0
 110.88814545454545 0
 110.88814545454545 0
 110.88814545454545 0
 110.88814545454545 0
 110.88814545454545 0
 110.88814545454545 0
 110.88814545454545 0
 110.88814545454545 0
 292.6897727272728 1
 292.6897727272728 1
 292.6897727272728 1
 292.6897727272728 1
 292.6897727272728 1
 292.6897727272728 1
 292.6897727272728 1
 292.6897727272728 1
 292.6897727272728 1
 292.6897727272728 1
 292.6897727272728 1
 292.6897727272728 1
 292.6897727272728 1
 292.6897727272728 1
 292.6897727272728 1
 292.6897727272728 1
 292.6897727272728 1
 292.6897727272728 1
 292.6897727272728 1
 292.6897727272728 1
 292.6897727272728 1
 292.6897727272728 1
 292.6897727272728 1
 292.6897727272728 1
 292.6897727272728 1
 292.6897727272728 1
 292.6897727272728 1
 292.6897727272728 1
 292.6897727272728 1
 292.6897727272728 1
 292.6897727272728 1
 292.6897727272728 1
 292.6897727272728 1
 292.6897727272728 1
 292.6897727272728 1
 292.6897727272728 1
 292.6897727272728 1
 292.6897727272728 1
 292.6897727272728 1
 292.6897727272728 1
 292.6897727272728 1
 292.6897727272728 1
 292.6897727272728 1
 292.6897727272728 1
 292.6897727272728 1
 292.6897727272728 1
 292.6897727272728 1
 292.6897727272728 1
 292.6897727272728 1
 292.6897727272728 1
 292.6897727272728 1
 292.6897727272728 1
 292.6897727272728 1
 292.6897727272728 1
 292.6897727272728 1
 292.6897727272728 1
 292.6897727272728 1
 292.6897727272728 1
 292.6897727272728 1
