1
 513.2052 0
 522.709 0
 522.709 0
 522.709 0
 532.2128 0
 541.7166 0
 541.7166 0
 551.2204 0
 560.7242 0
 570.228 0
 570.228 0
 570.228 0
 589.2356 0
 589.2356 0
 589.2356 0
 589.2356 0
 598.7394 0
 598.7394 0
 598.7394 0
 598.7394 0
 598.7394 0
 598.7394 0
 598.7394 0
 608.2432 0
 608.2432 0
 608.2432 0
 608.2432 0
 608.2432 0
 608.2432 0
 608.2432 0
 608.2432 0
 608.2432 0
 608.2432 0
 608.2432 0
 608.2432 0
 608.2432 0
 608.2432 0
 608.2432 0
 608.2432 0
 608.2432 0
 608.2432 0
 608.2432 0
 608.2432 0
 608.2432 0
 608.2432 0
 608.2432 0
 608.2432 0
 608.2432 0
 608.2432 0
 608.2432 0
 608.2432 0
 608.2432 0
 608.2432 0
 608.2432 0
 608.2432 0
 608.2432 0
 608.2432 0
 608.2432 0
 608.2432 0
 608.2432 0
 1607.87405 1
 1607.87405 1
 1607.87405 1
 1607.87405 1
 1607.87405 1
 1607.87405 1
 1607.87405 1
 1607.87405 1
 1607.87405 1
 1607.87405 1
 1607.87405 1
 1607.87405 1
 1607.87405 1
 1607.87405 1
 1607.87405 1
 1607.87405 1
 1607.87405 1
 1607.87405 1
 1607.87405 1
 1607.87405 1
 1607.87405 1
 1607.87405 1
 1607.87405 1
 1607.87405 1
 1607.87405 1
 1607.87405 1
 1607.87405 1
 1607.87405 1
 1607.87405 1
 1607.87405 1
 1607.87405 1
 1607.87405 1
 1607.87405 1
 1607.87405 1
 1607.87405 1
 1607.87405 1
 1607.87405 1
 1607.87405 1
 1607.87405 1
 1607.87405 1
 1607.87405 1
 1607.87405 1
 1607.87405 1
 1607.87405 1
 1607.87405 1
 1607.87405 1
 1607.87405 1
 1607.87405 1
 1607.87405 1
 1607.87405 1
 1607.87405 1
 1607.87405 1
 1607.87405 1
 1607.87405 1
 1607.87405 1
 1607.87405 1
 1607.87405 1
 1607.87405 1
 1607.87405 1
 1607.87405 1
