1
 65.8427 0
 67.13373333333332 0
 67.13373333333332 0
 68.42476666666666 0
 69.7158 0
 72.29786666666666 0
 72.29786666666666 0
 72.29786666666666 0
 72.29786666666666 0
 73.5889 0
 73.5889 0
 73.5889 0
 74.87993333333333 0
 74.87993333333333 0
 74.87993333333333 0
 74.87993333333333 0
 76.17096666666666 0
 76.17096666666666 0
 76.17096666666666 0
 77.46199999999999 0
 77.46199999999999 0
 77.46199999999999 0
 77.46199999999999 0
 77.46199999999999 0
 78.75303333333333 0
 78.75303333333333 0
 78.75303333333333 0
 78.75303333333333 0
 78.75303333333333 0
 78.75303333333333 0
 78.75303333333333 0
 78.75303333333333 0
 78.75303333333333 0
 78.75303333333333 0
 78.75303333333333 0
 78.75303333333333 0
 78.75303333333333 0
 78.75303333333333 0
 78.75303333333333 0
 78.75303333333333 0
 78.75303333333333 0
 78.75303333333333 0
 78.75303333333333 0
 78.75303333333333 0
 78.75303333333333 0
 78.75303333333333 0
 78.75303333333333 0
 78.75303333333333 0
 78.75303333333333 0
 78.75303333333333 0
 78.75303333333333 0
 78.75303333333333 0
 78.75303333333333 0
 78.75303333333333 0
 78.75303333333333 0
 78.75303333333333 0
 78.75303333333333 0
 78.75303333333333 0
 78.75303333333333 0
 194.65519523809522 1
 194.65519523809522 1
 194.65519523809522 1
 194.65519523809522 1
 194.65519523809522 1
 194.65519523809522 1
 194.65519523809522 1
 194.65519523809522 1
 194.65519523809522 1
 194.65519523809522 1
 194.65519523809522 1
 194.65519523809522 1
 194.65519523809522 1
 194.65519523809522 1
 194.65519523809522 1
 194.65519523809522 1
 194.65519523809522 1
 194.65519523809522 1
 194.65519523809522 1
 194.65519523809522 1
 194.65519523809522 1
 194.65519523809522 1
 194.65519523809522 1
 194.65519523809522 1
 194.65519523809522 1
 194.65519523809522 1
 194.65519523809522 1
 194.65519523809522 1
 194.65519523809522 1
 194.65519523809522 1
 194.65519523809522 1
 194.65519523809522 1
 194.65519523809522 1
 194.65519523809522 1
 194.65519523809522 1
 194.65519523809522 1
 194.65519523809522 1
 194.65519523809522 1
 194.65519523809522 1
 194.65519523809522 1
 194.65519523809522 1
 194.65519523809522 1
 194.65519523809522 1
 194.65519523809522 1
 194.65519523809522 1
 194.65519523809522 1
 194.65519523809522 1
 194.65519523809522 1
 194.65519523809522 1
 194.65519523809522 1
 194.65519523809522 1
 194.65519523809522 1
 194.65519523809522 1
 194.65519523809522 1
 194.65519523809522 1
 194.65519523809522 1
 194.65519523809522 1
 194.65519523809522 1
 194.65519523809522 1
