1
 684.171 0
 684.171 0
 696.8408333333333 0
 709.5106666666666 0
 722.1805 0
 722.1805 0
 734.8503333333333 0
 747.5201666666666 0
 747.5201666666666 0
 760.19 0
 760.19 0
 760.19 0
 772.8598333333333 0
 785.5296666666666 0
 785.5296666666666 0
 785.5296666666666 0
 798.1995 0
 798.1995 0
 798.1995 0
 798.1995 0
 798.1995 0
 798.1995 0
 798.1995 0
 810.8693333333333 0
 810.8693333333333 0
 810.8693333333333 0
 810.8693333333333 0
 810.8693333333333 0
 810.8693333333333 0
 810.8693333333333 0
 810.8693333333333 0
 810.8693333333333 0
 810.8693333333333 0
 810.8693333333333 0
 810.8693333333333 0
 810.8693333333333 0
 810.8693333333333 0
 810.8693333333333 0
 810.8693333333333 0
 810.8693333333333 0
 810.8693333333333 0
 810.8693333333333 0
 810.8693333333333 0
 810.8693333333333 0
 810.8693333333333 0
 810.8693333333333 0
 810.8693333333333 0
 810.8693333333333 0
 810.8693333333333 0
 810.8693333333333 0
 810.8693333333333 0
 810.8693333333333 0
 810.8693333333333 0
 810.8693333333333 0
 810.8693333333333 0
 810.8693333333333 0
 810.8693333333333 0
 810.8693333333333 0
 810.8693333333333 0
 1422.3565333333333 1
 1422.3565333333333 1
 1422.3565333333333 1
 1422.3565333333333 1
 1422.3565333333333 1
 1422.3565333333333 1
 1422.3565333333333 1
 1422.3565333333333 1
 1422.3565333333333 1
 1422.3565333333333 1
 1422.3565333333333 1
 1422.3565333333333 1
 1422.3565333333333 1
 1422.3565333333333 1
 1422.3565333333333 1
 1422.3565333333333 1
 1422.3565333333333 1
 1422.3565333333333 1
 1422.3565333333333 1
 1422.3565333333333 1
 1422.3565333333333 1
 1422.3565333333333 1
 1422.3565333333333 1
 1422.3565333333333 1
 1422.3565333333333 1
 1422.3565333333333 1
 1422.3565333333333 1
 1422.3565333333333 1
 1422.3565333333333 1
 1422.3565333333333 1
 1422.3565333333333 1
 1422.3565333333333 1
 1422.3565333333333 1
 1422.3565333333333 1
 1422.3565333333333 1
 1422.3565333333333 1
 1422.3565333333333 1
 1422.3565333333333 1
 1422.3565333333333 1
 1422.3565333333333 1
 1422.3565333333333 1
 1422.3565333333333 1
 1422.3565333333333 1
 1422.3565333333333 1
 1422.3565333333333 1
 1422.3565333333333 1
 1422.3565333333333 1
 1422.3565333333333 1
 1422.3565333333333 1
 1422.3565333333333 1
 1422.3565333333333 1
 1422.3565333333333 1
 1422.3565333333333 1
 1422.3565333333333 1
 1422.3565333333333 1
 1422.3565333333333 1
 1422.3565333333333 1
 1422.3565333333333 1
 1422.3565333333333 1
