2
 -4266.0 -3215.0 0
 -3648.0 -1216.0 1
 -3648.0 -1216.0 1
 -3648.0 -1216.0 1
 -3648.0 -1216.0 1
 -3648.0 -1216.0 1
 -3648.0 -1216.0 1
 -3648.0 -1216.0 1
 -3648.0 -1216.0 1
 -3648.0 -1216.0 1
 -3648.0 -1216.0 1
 -3648.0 -1216.0 1
 -3648.0 -1216.0 1
 -3648.0 -1216.0 1
 -3648.0 -1216.0 1
 -3648.0 -1216.0 1
 -3648.0 -1216.0 1
 -3648.0 -1216.0 1
 -3648.0 -1216.0 1
 -3648.0 -1216.0 1
 -3648.0 -1216.0 1
 -3648.0 -1216.0 1
 -3648.0 -1216.0 1
 -3648.0 -1216.0 1
 -3648.0 -1216.0 1
 -3648.0 -1216.0 1
 -3648.0 -1216.0 1
 -3648.0 -1216.0 1
 -3648.0 -1216.0 1
 -3648.0 -1216.0 1
 -3648.0 -1216.0 1
 -3648.0 -1216.0 1
 -3648.0 -1216.0 1
 -3648.0 -1216.0 1
 -3648.0 -1216.0 1
 -3648.0 -1216.0 1
 -3648.0 -1216.0 1
 -3648.0 -1216.0 1
 -3648.0 -1216.0 1
 -3648.0 -1216.0 1
 -3648.0 -1216.0 1
 -3648.0 -1216.0 1
 -3648.0 -1216.0 1
 -3648.0 -1216.0 1
 -3648.0 -1216.0 1
 -3648.0 -1216.0 1
 -3648.0 -1216.0 1
 -3648.0 -1216.0 1
 -3648.0 -1216.0 1
 -3648.0 -1216.0 1
 -3648.0 -1216.0 1
 -3648.0 -1216.0 1
 -3648.0 -1216.0 1
 -3648.0 -1216.0 1
 -3648.0 -1216.0 1
 -3648.0 -1216.0 1
 -3648.0 -1216.0 1
 -3648.0 -1216.0 1
 -3648.0 -1216.0 1
 -3648.0 -1216.0 1
 -3648.0 -1216.0 1
 -3648.0 -1216.0 1
 -3648.0 -1216.0 1
 -3648.0 -1216.0 1
 -3648.0 -1216.0 1
 -3648.0 -1216.0 1
 -3648.0 -1216.0 1
 -3648.0 -1216.0 1
 -3648.0 -1216.0 1
 -3648.0 -1216.0 1
 -3648.0 -1216.0 1
 -3648.0 -1216.0 1
 -3648.0 -1216.0 1
 -3648.0 -1216.0 1
 -3648.0 -1216.0 1
 -3648.0 -1216.0 1
 -3648.0 -1216.0 1
 -3648.0 -1216.0 1
 -3648.0 -1216.0 1
 -3648.0 -1216.0 1
 -3648.0 -1216.0 1
 -3648.0 -1216.0 1
 -3648.0 -1216.0 1
 -3648.0 -1216.0 1
 -3648.0 -1216.0 1
 -3648.0 -1216.0 1
 -3648.0 -1216.0 1
 -3648.0 -1216.0 1
 -3648.0 -1216.0 1
 -3648.0 -1216.0 1
 -3648.0 -1216.0 1
 -3648.0 -1216.0 1
 -3648.0 -1216.0 1
 -3648.0 -1216.0 1
 -3648.0 -1216.0 1
 -3648.0 -1216.0 1
 -3648.0 -1216.0 1
 -3648.0 -1216.0 1
 -3648.0 -1216.0 1
 -3648.0 -1216.0 1
 -3648.0 -1216.0 1
 -3648.0 -1216.0 1
 -3648.0 -1216.0 1
 -3648.0 -1216.0 1
 -3648.0 -1216.0 1
 -3648.0 -1216.0 1
 -3648.0 -1216.0 1
 -3648.0 -1216.0 1
 -3648.0 -1216.0 1
 -3648.0 -1216.0 1
 -3648.0 -1216.0 1
 -3648.0 -1216.0 1
 -3648.0 -1216.0 1
 -3648.0 -1216.0 1
 -3648.0 -1216.0 1
 -3648.0 -1216.0 1
 -3648.0 -1216.0 1
 -3648.0 -1216.0 1
 -3648.0 -1216.0 1
 -3648.0 -1216.0 1
 -3648.0 -1216.0 1
 -3648.0 -1216.0 1
 -3648.0 -1216.0 1
 -3648.0 -1216.0 1
 -3648.0 -1216.0 1
 -3648.0 -1216.0 1
 -3648.0 -1216.0 1
 -3648.0 -1216.0 1
 -3648.0 -1216.0 1
 -3648.0 -1216.0 1
 -3648.0 -1216.0 1
 -3648.0 -1216.0 1
 -3648.0 -1216.0 1
 -3648.0 -1216.0 1
 -3648.0 -1216.0 1
 -3648.0 -1216.0 1
 -3648.0 -1216.0 1
 -3648.0 -1216.0 1
 -3648.0 -1216.0 1
 -3648.0 -1216.0 1
 -3648.0 -1216.0 1
 -3648.0 -1216.0 1
 -3648.0 -1216.0 1
 -3648.0 -1216.0 1
 -3648.0 -1216.0 1
 -3648.0 -1216.0 1
 -3648.0 -1216.0 1
 -3648.0 -1216.0 1
 -3648.0 -1216.0 1
 -3648.0 -1216.0 1
 -3648.0 -1216.0 1
 -3648.0 -1216.0 1
 -3648.0 -1216.0 1
 -4266.0 -3215.0 2
