1
 -0.7895033716610691 0
 -0.7633795402291728 0
 -0.662082620378124 0
 -0.43176432738448695 0
 -0.4004379069389472 0
 -0.23019841336274532 0
 -0.19739168300019744 0
 -0.19739168300019744 0
 -0.1946304287205387 0
 -0.19234200866242923 0
 -0.1917131858010578 0
 -0.19120019063689217 0
 -0.19119501924460788 0
 -0.19034782035263165 0
 -0.189755312750137 0
 -0.18826685978293828 0
 -0.18826685978293828 0
 -0.18780084964727342 0
 -0.18780084964727342 0
 -0.18780084964727342 0
 -0.18780084964727342 0
 -0.1876678993545634 0
 -0.1876678993545634 0
 -0.1876678993545634 0
 -0.1876678993545634 0
 -0.18753371773812086 0
 -0.18753371773812086 0
 -0.187491448266092 0
 -0.187491448266092 0
 -0.187491448266092 0
 -0.18737328860006286 0
 -0.18737328860006286 0
 -0.18727649116132575 0
 -0.18727649116132575 0
 -0.1871933039190263 0
 -0.1871933039190263 0
 -0.1871933039190263 0
 -0.1871832632132269 0
 -0.1871832632132269 0
 -0.18711111268346795 0
 -0.18711111268346795 0
 -0.18711111268346795 0
 -0.18711111268346795 0
 -0.1871076468467193 0
 -0.18696725015767132 0
 -0.18695873478664327 0
 -0.18695873478664327 0
 -0.18688940751187935 0
 -0.18688112672660226 0
 -0.18688112672660226 0
 -0.18688112672660226 0
 -0.18682784545260053 0
 -0.18682784545260053 0
 -0.1868023554461384 0
 -0.1868023554461384 0
 -0.1868023554461384 0
 -0.1868023554461384 0
 -0.1868023554461384 0
 -0.1868023554461384 0
 -0.1868023554461384 0
 -0.1868023554461384 0
 -0.1868023554461384 0
 -0.1868023554461384 0
 -0.1868023554461384 0
 -0.18679749407329674 0
 -0.18679749407329674 0
 -0.18679749407329674 0
 -0.18679749407329674 0
 -0.18679250508356393 0
 -0.1867815209912158 0
 -0.1867815209912158 0
 -0.1867815209912158 0
 -0.1867815209912158 0
 -0.1867295075652781 0
 -0.1867140146280272 0
 -0.1867140146280272 0
 -0.1867140146280272 0
 -0.1867140146280272 0
 -0.1867140146280272 0
 -0.1867140146280272 0
 -0.1867140146280272 0
 -0.1867140146280272 0
 -0.1867140146280272 0
 -0.1867140146280272 0
 -0.1867140146280272 0
 -0.1867140146280272 0
 -0.1867140146280272 0
 -0.1867140146280272 0
 -0.1867140146280272 0
 -0.1867140146280272 0
 -0.1867140146280272 0
 -0.1867140146280272 0
 -0.1867140146280272 0
 -0.1867140146280272 0
 -0.1867140146280272 0
 -0.1867140146280272 0
 -0.1867140146280272 0
 -0.1867140146280272 0
 -0.1867140146280272 0
 -0.1867140146280272 0
 -0.1867140146280272 0
 -0.1867140146280272 0
 -0.18662239287737212 0
 -0.18661517861015822 0
 -0.18661517861015822 0
 -0.18661517861015822 0
 -0.18661517861015822 0
 -0.18661517861015822 0
 -0.18661517861015822 0
 -0.18661517861015822 0
 -0.18661517861015822 0
 -0.18661517861015822 0
 -0.18661517861015822 0
 -0.18661517861015822 0
 -0.18661517735720692 0
 -0.18661517735720692 0
 -0.18661517735720692 0
 -0.18661517735720692 0
 -0.18661517735720692 0
 -0.1866033705417975 0
 -0.1866033705417975 0
 -0.1866033705417975 0
 -0.1866033705417975 0
 -0.1866033705417975 0
 -0.1866033705417975 0
 -0.1866033705417975 0
 -0.18658599869480405 0
 -0.18658599869480405 0
 -0.18655517159258211 0
 -0.18655517159258211 0
 -0.18655517159258211 0
 -0.18655517159258211 0
 -0.18655517159258211 0
 -0.18655517159258211 0
 -0.18655517159258211 0
 -0.18655150858308614 0
 -0.18655150858308614 0
 -0.18655150858308614 0
 -0.18655150858308614 0
 -0.18655150858308614 0
 -0.18655150858308614 0
 -0.18655150858308614 0
 -0.18655150858308614 0
 -0.18654720223022517 0
 -0.18654720223022517 0
 -0.18654720223022517 0
 -0.18654720223022517 0
 -0.18654720223022517 0
 -0.18654720223022517 0
 -0.18654720223022517 0
 -0.18654720223022517 0
 -0.18654720223022517 0
 -0.18653662531438037 0
 -0.18653662531438037 0
 -0.18651985032663948 0
 -0.18651985032663948 0
 -0.18651985032663948 0
 -0.18651985032663948 0
 -0.18651985032663948 0
 -0.18651985032663948 0
 -0.18651985032663948 0
 -0.18651985032663948 0
 -0.18651985032663948 0
 -0.18651985032663948 0
 -0.18651985032663948 0
 -0.18651985032663948 0
 -0.18651985032663948 0
 -0.18651729689298838 0
 -0.18651729689298838 0
 -0.18651729689298838 0
 -0.18651729689298838 0
 -0.18651729689298838 0
 -0.18651729689298838 0
 -0.18651729689298838 0
 -0.18651729689298838 0
 -0.18651729689298838 0
 -0.18651729689298838 0
 -0.18651729689298838 0
 -0.18651729689298838 0
 -0.18651729689298838 0
 -0.18648292093542765 0
 -0.18648292093542765 0
 -0.18648292093542765 0
 -0.18648292093542765 0
 -0.18648292093542765 0
 -0.18648292093542765 0
 -0.18648292093542765 0
 -0.18648292093542765 0
 -0.18648292093542765 0
 -0.18648292093542765 0
 -0.18648292093542765 0
 -0.18648292093542765 0
 -0.18648292093542765 0
 -0.18648292093542765 0
 -0.18648292093542765 0
 -0.18648292093542765 0
 -0.18648292093542765 0
 -0.18648292093542765 0
 -0.18648292093542765 0
 -0.18648292093542765 0
 -0.18648292093542765 0
 -0.18648199540128402 0
 -0.18648199540128402 0
 -0.18648199540128402 0
 -0.18648199540128402 0
 -0.18648199540128402 0
 -0.18648199540128402 0
 -0.18648199540128402 0
 -0.18648199540128402 0
 -0.18648199540128402 0
 -0.18648199540128402 0
 -0.18648199540128402 0
 -0.1864804518799903 0
 -0.1864804518799903 0
 -0.1864804518799903 0
 -0.1864804518799903 0
 -0.1864804518799903 0
 -0.1864804518799903 0
 -0.1864804518799903 0
 -0.1864804518799903 0
 -0.1864804518799903 0
 -0.1864804518799903 0
 -0.1864804518799903 0
 -0.1864804518799903 0
 -0.1864804518799903 0
 -0.1864804518799903 0
 -0.1864804518799903 0
 -0.1864789404356862 0
 -0.1864789404356862 0
 -0.1864789404356862 0
 -0.1864789235853149 0
 -0.1864789235853149 0
 -0.1864789235853149 0
 -0.1864789235853149 0
 -0.1864789235853149 0
 -0.1864789235853149 0
 -0.1864789235853149 0
 -0.1864789235853149 0
 -0.1864789235853149 0
 -0.1864789235853149 0
 -0.1864789235853149 0
 -0.1864789235853149 0
 -0.1864789235853149 0
 -0.1864789235853149 0
 -0.1864789235853149 0
 -0.1864789235853149 0
 -0.1864789235853149 0
 -0.1864789235853149 0
 -0.18647792757150272 0
 -0.18647792757150272 0
 -0.18647792757150272 0
 -0.18647792757150272 0
 -0.18647792757150272 0
 -0.18647792757150272 0
 -0.18647792757150272 0
 -0.18647792757150272 0
 -0.18647792757150272 0
 -0.18647792757150272 0
 -0.18647792757150272 0
 -0.18647792757150272 0
 -0.18647792757150272 0
 -0.18647792757150272 0
 -0.18647792757150272 0
 -0.18647792757150272 0
 -0.18647792757150272 0
 -0.18647792757150272 0
 -0.18647792757150272 0
 -0.18647792757150272 0
 -0.18647792757150272 0
 -0.18647792757150272 0
 -0.18647792757150272 0
 -0.18647792757150272 0
 -0.18647792757150272 0
 -0.18647792757150272 0
 -0.18647792757150272 0
 -0.18647792757150272 0
 -0.18647790320600877 0
 -0.1864776272230416 0
 -0.1864776272230416 0
 -0.1864776231724256 0
 -0.1864774186673197 0
 -0.1864774186673197 0
 -0.1864774186673197 0
 -0.1864774186673197 0
 -0.1864774186673197 0
 -0.1864774186673197 0
 -0.18647732223255345 0
 -0.18647732223255345 0
 -0.18647732223255345 0
 -0.18647732223255345 0
 -0.18647732223255345 0
 -0.18647732223255345 0
 -0.18647732223255345 0
 -0.18647732223255345 0
 -0.18647732223255345 0
 -0.18647732223255345 0
 -0.18647732223255345 0
 -0.18647732223255345 0
 -0.186477176716549 0
 -0.186477176716549 0
 -0.186477176716549 0
 -0.186477176716549 0
 -0.186477176716549 0
 -0.18647684669844494 0
 -0.18647684669844494 0
 -0.18647684669844494 0
 -0.18647684669844494 0
 -0.18647684669844494 0
 -0.18647684669844494 0
 -0.18647684669844494 0
 -0.18647684669844494 0
 -0.18647631294382425 0
 -0.18647631294382425 0
 -0.18647631294382425 0
 -0.18647631294382425 0
 -0.18647621872377224 0
 -0.18647621872377224 0
 -0.18647621872377224 0
 -0.18647621872377224 0
 -0.18647617596893967 0
 -0.18647617596893967 0
 -0.1864761546020307 0
 -0.1864761546020307 0
 -0.1864761546020307 0
 -0.1864761546020307 0
 -0.1864761546020307 0
 -0.1864761546020307 0
 -0.1864761546020307 0
 -0.1864761546020307 0
 -0.1864761546020307 0
 -0.1864761546020307 0
 -0.1864761546020307 0
 -0.1864761546020307 0
 -0.1864761546020307 0
 -0.1864761546020307 0
 -0.1864761546020307 0
 -0.1864761546020307 0
 -0.1864761546020307 0
 -0.1864761546020307 0
 -0.1864761546020307 0
 -0.1864761546020307 0
 -0.1864761546020307 0
 -0.1864761546020307 0
 -0.18647541985910782 0
 -0.18647541985910782 0
 -0.18647541985910782 0
 -0.18647541985910782 0
 -0.18647541985910782 0
 -0.18647541985910782 0
 -0.18647541985910782 0
 -0.18647541985910782 0
 -0.18647541985910782 0
 -0.18647541985910782 0
 -0.18647541985910782 0
 -0.18647541985910782 0
 -0.18647541985910782 0
 -0.18647541985910782 0
 -0.1864439016424266 0
 -0.1864439016424266 0
 -0.1864439016424266 0
 -0.1864439016424266 0
 -0.1864439016424266 0
 -0.1864439016424266 0
 -0.1864439016424266 0
 -0.1864439016424266 0
 -0.1864439016424266 0
 -0.1864439016424266 0
 -0.1864439016424266 0
 -0.1864439016424266 0
 -0.1864439016424266 0
 -0.1864439016424266 0
 -0.1864439016424266 0
 -0.1864439016424266 0
 -0.1864439016424266 0
 -0.1864439016424266 0
 -0.1864439016424266 0
 -0.1864439016424266 0
 -0.1864439016424266 0
 -0.1864439016424266 0
 -0.1864439016424266 0
 -0.1864439016424266 0
 -0.1864439016424266 0
 -0.1864439016424266 0
 -0.1864439016424266 0
 -0.1864439016424266 0
 -0.1864439016424266 0
 -0.1864439016424266 0
 -0.1864439016424266 0
 -0.1864439016424266 0
 -0.1864439016424266 0
 -0.1864439016424266 0
 -0.1864439016424266 0
 -0.1864439016424266 0
 -0.1864439016424266 0
 -0.1864439016424266 0
 -0.1864439016424266 0
 -0.1864439016424266 0
 -0.1864439016424266 0
 -0.1864439016424266 0
 -0.1864439016424266 0
 -0.1864439016424266 0
 -0.1864439013794011 0
 -0.1864438357388543 0
 -0.1864438357388543 0
 -0.1864438357388543 0
 -0.1864438357388543 0
 -0.1864438357388543 0
 -0.1864438357388543 0
 -0.1864438357388543 0
 -0.1864438357388543 0
 -0.1864438357388543 0
 -0.1864438357388543 0
 -0.1864438357388543 0
 -0.1864438357388543 0
 -0.1864438357388543 0
 -0.1864438357388543 0
 -0.1864438357388543 0
 -0.18644315222584226 0
 -0.18644315222584226 0
 -0.1864428455527773 0
 -0.1864428455527773 0
 -0.1864428455527773 0
 -0.1864428455527773 0
 -0.1864428455527773 0
 -0.1864428455527773 0
 -0.1864428455527773 0
 -0.1864428455527773 0
 -0.1864428455527773 0
 -0.1864428455527773 0
 -0.1864428455527773 0
 -0.1864428455527773 0
 -0.1864428455527773 0
 -0.1864428455527773 0
 -0.1864428455527773 0
 -0.1864428455527773 0
 -0.1864428455527773 0
 -0.1864428455527773 0
 -0.1864428455527773 0
 -0.1864428455527773 0
 -0.1864428455527773 0
 -0.1864428455527773 0
 -0.18644283737189155 0
 -0.18644283737189155 0
 -0.18644283737189155 0
 -0.18644283737189155 0
 -0.18644283737189155 0
 -0.18644283737189155 0
 -0.18644283737189155 0
 -0.18644283737189155 0
 -0.18644283737189155 0
 -0.18644283737189155 0
 -0.18644283737189155 0
 -0.18644283737189155 0
 -0.1864427146614304 0
 -0.1864427146614304 0
 -0.1864427146614304 0
 -0.1864427146614304 0
 -0.18644271141520474 0
 -0.18644271141520474 0
 -0.18644271141520474 0
 -0.18644271141520474 0
 -0.18644271141520474 0
 -0.18644271141520474 0
 -0.18644271141520474 0
 -0.18644271141520474 0
 -0.18644271141520474 0
 -0.18644271141520474 0
 -0.18644271141520474 0
 -0.18644271141520474 0
 -0.18644271141520474 0
 -0.18644271141520474 0
 -0.18644271141520474 0
 -0.18644271141520474 0
 -0.18644271141520474 0
 -0.18644271141520474 0
 -0.18644271141520474 0
 -0.18644266887536415 0
 -0.18644266887536415 0
 -0.18644266887536415 0
 -0.18644266887536415 0
 -0.18644266887536415 0
 -0.18644266887536415 0
 -0.18644266887536415 0
 -0.18644266887536415 0
 -0.18644266887536415 0
 -0.18644265858250192 0
 -0.18644265858250192 0
 -0.18644265858250192 0
 -0.18644265858250192 0
 -0.18644265858250192 0
 -0.18644265858250192 0
 -0.18644265858250192 0
 -0.18644265858250192 0
 -0.18644265858250192 0
 -0.18644265858250192 0
 -0.18644265858250192 0
 -0.18644265858250192 0
 -0.18644265858250192 0
 -0.18644265858250192 0
 -0.18644265669374765 0
 -0.18644265669374765 0
 -0.18644265669374765 0
 -0.18644265669374765 0
 -0.18644265669374765 0
 -0.18644265362535833 0
 -0.18644265362535833 0
 -0.18644265362535833 0
 -0.18644265362535833 0
 -0.18644265362535833 0
 -0.18644265362535833 0
 -0.18644265297266985 0
 -0.18644265297266985 0
 -0.18644265297266985 0
 -0.18644265297266985 0
 -0.18644265297266985 0
 -0.18644265297266985 0
 -0.18644265273061708 0
 -0.18644265273061708 0
 -0.18644265273061708 0
 -0.18644265131104917 0
 -0.18644265131104917 0
 -0.18644265131104917 0
 -0.18644265131104917 0
 -0.18644265131104917 0
 -0.18644264836730992 0
 -0.18644264836730992 0
 -0.1864426464907228 0
 -0.1864426464907228 0
 -0.18644264631372467 0
 -0.18644264631372467 0
 -0.18644264631372467 0
 -0.18644264631372467 0
 -0.18644264631372467 0
 -0.1864426448385004 0
 -0.1864426448385004 0
 -0.1864426448385004 0
 -0.1864426448385004 0
 -0.1864426448385004 0
 -0.1864426448385004 0
 -0.1864426448385004 0
 -0.1864426448385004 0
 -0.1864426448385004 0
 -0.1864426448385004 0
 -0.1864426448385004 0
 -0.1864426448385004 0
 -0.1864426448385004 0
 -0.1864426448385004 0
 -0.1864426448385004 0
 -0.1864426448385004 0
 -0.1864426448385004 0
 -0.1864426448385004 0
 -0.1864426448385004 0
 -0.1864426448385004 0
 -0.1864426448385004 0
 -0.1864426448385004 0
 -0.1864426448385004 0
 -0.1864426448385004 0
 -0.1864426448385004 0
 -0.18644264444802036 0
 -0.18644264444802036 0
 -0.18644264444802036 0
 -0.1864426443857751 0
 -0.1864426443857751 0
 -0.1864426443857751 0
 -0.1864426443857751 0
 -0.1864426443857751 0
 -0.1864426443857751 0
 -0.1864426443857751 0
 -0.1864426443857751 0
 -0.1864426443857751 0
 -0.1864426443857751 0
 -0.1864426443857751 0
 -0.1864426443857751 0
 -0.1864426443857751 0
 -0.1864426443857751 0
 -0.1864426443857751 0
 -0.1864426443857751 0
 -0.1864426443857751 0
 -0.1864426443857751 0
 -0.1864426443857751 0
 -0.1864426443857751 0
 -0.1864426443768128 0
 -0.1864426443768128 0
 -0.1864426443768128 0
 -0.1864426443768128 0
 -0.1864426443768128 0
 -0.1864426443768128 0
 -0.1864426443768128 0
 -0.1864426443768128 0
 -0.1864426443768128 0
 -0.1864426443768128 0
 -0.1864426443768128 0
 -0.1864426443768128 0
 -0.1864426443768128 0
 -0.1864426443768128 0
 -0.1864426443768128 0
 -0.1864426443768128 0
 -0.1864426443768128 0
 -0.18644264437653246 0
 -0.18644264437653246 0
 -0.18644264437653246 0
 -0.18644264437653246 0
 -0.18644264437618335 0
 -0.18644264437618335 0
 -0.18644264437618335 0
 -0.18644264437618335 0
 -0.18644264437586824 0
 -0.18644264437586824 0
 -0.18644264437586824 0
 -0.18644264437586824 0
 -0.18644264437578725 0
 -0.18644264437578725 0
 -0.18644264437578725 0
 -0.18644264437578725 0
 -0.18644264437578725 0
 -0.18644264437578725 0
 -0.18644264437578725 0
 -0.18644264437578725 0
 -0.18644264437578725 0
 -0.18644264437578725 0
 -0.18644264437578725 0
 -0.18644264437578725 0
 -0.18644264437578725 0
 -0.18644264437578725 0
 -0.18644264437578725 0
 -0.18644264437578725 0
 -0.18644264437566654 0
 -0.18644264437566654 0
 -0.18644264437566654 0
 -0.18644264437566654 0
 -0.18644264437566654 0
 -0.18644264437566654 0
 -0.18644264437566654 0
 -0.18644264437566654 0
 -0.18644264437566654 0
 -0.18644264437566654 0
 -0.18644264437566654 0
 -0.18644264437564076 0
 -0.18644264437564076 0
 -0.18644264437564076 0
 -0.18644264437564076 0
 -0.1864426443756351 0
 -0.1864426443756351 0
 -0.18644264437562652 0
 -0.18644264437562652 0
 -0.18644264437562652 0
 -0.18644264437562652 0
 -0.18644264437562652 0
 -0.18644264437562652 0
 -0.18644264437562652 0
 -0.18644264437562652 0
 -0.18644264437562652 0
 -0.18644264437562652 0
 -0.18644264437562652 0
 -0.1864426443756241 0
 -0.1864426443756241 0
 -0.1864426443756241 0
 -0.1864426443756234 0
 -0.1864426443756234 0
 -0.1864426443756234 0
 -0.1864426443756234 0
 -0.1864426443756234 0
 -0.1864426443756234 0
 -0.18644264437562336 0
 -0.18644264437562336 0
 -0.18644264437562336 0
 -0.18644264437562336 0
 -0.18644264437562336 0
 -0.18644264437562336 0
 -0.18644264437562336 0
 -0.18644264437562333 0
 -0.18644264437562333 0
 -0.18644264437562333 0
 -0.18644264437562333 0
 -0.18644264437562333 0
 -0.18644264437562333 0
 -0.18644264437562333 0
 -0.18644264437562333 0
 -0.18644264437562333 0
 -0.18644264437562333 0
 -0.18644264437562333 0
 -0.1864426443756233 0
 -0.1864426443756233 0
 -0.1864426443756233 0
 -0.1864426443756233 0
 -0.1864426443756233 0
 -0.1864426443756233 0
 -0.1864426443756233 0
 -0.1864426443756233 0
 -0.1864426443756233 0
 -0.1864426443756233 0
 -0.1864426443756233 0
 -0.1864426443756233 0
 -0.1864426443756233 0
 -0.1864426443756233 0
 -0.1864426443756233 0
 -0.1864426443756233 0
 -0.1864426443756233 0
 -0.1864426443756233 0
 -0.1864426443756233 0
 -0.1864426443756233 0
 -0.1864426443756233 0
 -0.1864426443756233 0
 -0.1864426443756233 0
 -0.1864426443756233 0
 -0.1864426443756233 0
 -0.1864426443756233 0
 -0.1864426443756233 0
 -0.1864426443756233 0
 -0.1864426443756233 0
 -0.1864426443756233 0
 -0.1864426443756233 0
 -0.1864426443756233 0
 -0.1864426443756233 0
 -0.1864426443756233 0
 -0.1864426443756233 0
 -0.1864426443756233 0
 -0.1864426443756233 0
 -0.1864426443756233 0
 -0.1864426443756233 0
 -0.1864426443756233 0
 -0.1864426443756233 0
 -0.1864426443756233 0
 -0.1864426443756233 0
 -0.1864426443756233 0
 -0.1864426443756233 0
 -0.1864426443756233 0
 -0.1864426443756233 0
 -0.1864426443756233 0
 -0.1864426443756233 0
 -0.1864426443756233 0
 -0.1864426443756233 0
 -0.1864426443756233 0
 -0.1864426443756233 0
 -0.1864426443756233 0
 -0.1864426443756233 0
 -0.1864426443756233 0
 -0.1864426443756233 0
 -0.1864426443756233 0
 -0.1864426443756233 0
 -0.1864426443756233 0
 -0.1864426443756233 0
 -0.1864426443756233 0
 -0.1864426443756233 0
 -0.1864426443756233 0
 -0.1864426443756233 0
 -0.1864426443756233 0
 -0.1864426443756233 0
 -0.1864426443756233 0
 -0.1864426443756233 0
 -0.1864426443756233 0
 -0.1864426443756233 0
 -0.1864426443756233 0
 -0.1864426443756233 0
 -0.1864426443756233 0
 -0.1864426443756233 0
 -0.1864426443756233 0
 -0.1864426443756233 0
 -0.1864426443756233 0
 -0.1864426443756233 0
 -0.1864426443756233 0
 -0.1864426443756233 0
 -0.1864426443756233 0
 -0.1864426443756233 0
 -0.1864426443756233 0
 -0.1864426443756233 0
 -0.1864426443756233 0
 -0.1864426443756233 0
 -0.1864426443756233 0
 -0.1864426443756233 0
 -0.1864426443756233 0
 -0.1864426443756233 0
 -0.1864426443756233 0
 -0.1864426443756233 0
 -0.1864426443756233 0
 -0.1864426443756233 0
 -0.1864426443756233 0
 -0.1864426443756233 0
 -0.1864426443756233 0
 -0.1864426443756233 0
 -0.1864426443756233 0
 -0.1864426443756233 0
 -0.1864426443756233 0
 -0.1864426443756233 0
 -0.1864426443756233 0
 -0.1864426443756233 0
 -0.1864426443756233 0
 -0.1864426443756233 0
 -0.1864426443756233 0
 -0.1864426443756233 0
 -0.1864426443756233 0
 -0.1864426443756233 0
 -0.1864426443756233 0
 -0.1864426443756233 0
 -0.1864426443756233 0
 -0.1864426443756233 0
 -0.1864426443756233 0
 -0.1864426443756233 0
 -0.1864426443756233 0
 -0.1864426443756233 0
 -0.1864426443756233 0
 -0.1864426443756233 0
 -0.1864426443756233 0
 -0.1864426443756233 0
 -0.1864426443756233 0
 -0.1864426443756233 0
 -0.1864426443756233 0
 -0.1864426443756233 0
 -0.1864426443756233 0
 -0.1864426443756233 0
 -0.1864426443756233 0
 -0.1864426443756233 0
 -0.1864426443756233 0
 -0.1864426443756233 0
 -0.1864426443756233 0
 -0.1864426443756233 0
 -0.1864426443756233 0
 -0.1864426443756233 0
 -0.1864426443756233 0
 -0.1864426443756233 0
 -0.1864426443756233 0
 -0.1864426443756233 0
 -0.1864426443756233 0
 -0.1864426443756233 0
 -0.1864426443756233 0
 -0.1864426443756233 0
 -0.1864426443756233 0
 -0.1864426443756233 0
 -0.1864426443756233 0
 -0.1864426443756233 0
 -0.1864426443756233 0
 -0.1864426443756233 0
 -0.1864426443756233 0
 -0.1864426443756233 0
 -0.1864426443756233 0
 -0.1864426443756233 0
 -0.1864426443756233 0
 -0.1864426443756233 0
 -0.1864426443756233 0
 -0.1864426443756233 0
 -0.1864426443756233 0
 -0.1864426443756233 0
 -0.1864426443756233 0
 -0.1864426443756233 0
 -0.1864426443756233 0
 -0.1864426443756233 0
 -0.1864426443756233 0
 -0.1864426443756233 0
 -0.1864426443756233 0
 -0.1864426443756233 0
 -0.1864426443756233 0
 -0.1864426443756233 0
 -0.1864426443756233 0
 -0.1864426443756233 0
 -0.1864426443756233 0
 -0.1864426443756233 0
 -0.1864426443756233 0
 -0.1864426443756233 0
 -0.1864426443756233 0
 -0.1864426443756233 0
 -0.1864426443756233 0
 -0.1864426443756233 0
 -0.1864426443756233 0
 -0.1864426443756233 0
 -0.1864426443756233 0
 -0.1864426443756233 0
 -0.1864426443756233 0
 -0.1864426443756233 0
 -0.1864426443756233 0
 -0.1864426443756233 0
 -0.1864426443756233 0
 -0.1864426443756233 0
 -0.1864426443756233 0
 -0.1864426443756233 0
 -0.1864426443756233 0
 -0.1864426443756233 0
 -0.1864426443756233 0
 -0.1864426443756233 0
 -0.1864426443756233 0
 -0.1864426443756233 0
 -0.1864426443756233 0
 -0.1864426443756233 0
 -0.1864426443756233 0
 -0.1864426443756233 0
 -0.1864426443756233 0
 -0.1864426443756233 0
 -0.1864426443756233 0
 -0.1864426443756233 0
 -0.1864426443756233 0
 -0.1864426443756233 0
 -0.1864426443756233 0
 -0.1864426443756233 0
 -0.1864426443756233 0
 -0.1864426443756233 0
 -0.1864426443756233 0
 -0.1864426443756233 0
 -0.1864426443756233 0
 -0.1864426443756233 0
 -0.1864426443756233 0
 -0.1864426443756233 0
 -0.1864426443756233 0
 -0.1864426443756233 0
 -0.1864426443756233 0
 -0.1864426443756233 0
 -0.1864426443756233 0
 -0.1864426443756233 0
 -0.1864426443756233 0
 -0.1864426443756233 0
 -0.1864426443756233 0
 -0.1864426443756233 0
 -0.1864426443756233 0
 -0.1864426443756233 0
 -0.1864426443756233 0
 -0.1864426443756233 0
 -0.1864426443756233 0
 -0.1864426443756233 0
 -0.1864426443756233 0
 -0.1864426443756233 0
 -0.1864426443756233 0
 -0.1864426443756233 0
 -0.1864426443756233 0
 -0.1864426443756233 0
 -0.1864426443756233 0
 -0.1864426443756233 0
 -0.1864426443756233 0
 -0.1864426443756233 0
 -0.1864426443756233 0
 -0.1864426443756233 0
 -0.1864426443756233 0
 -0.1864426443756233 0
 -0.1864426443756233 0
 -0.1864426443756233 0
 -0.1864426443756233 0
 -0.1864426443756233 0
 -0.1864426443756233 0
 -0.1864426443756233 0
 -0.1864426443756233 0
 -0.1864426443756233 0
 -0.1864426443756233 0
 -0.1864426443756233 0
 -0.1864426443756233 0
 -0.1864426443756233 0
 -0.1864426443756233 0
 -0.1864426443756233 0
 -0.1864426443756233 0
 -0.1864426443756233 0
 -0.1864426443756233 0
 -0.1864426443756233 0
 -0.1864426443756233 0
 -0.1864426443756233 0
 -0.1864426443756233 0
 -0.1864426443756233 0
 -0.1864426443756233 0
 -0.1864426443756233 0
 -0.1864426443756233 0
 -0.1864426443756233 0
 -0.1864426443756233 0
 -0.1864426443756233 0
 -0.1864426443756233 0
 -0.1864426443756233 0
 -0.1864426443756233 0
 -0.1864426443756233 0
 -0.1864426443756233 0
 -0.1864426443756233 0
 -0.1864426443756233 0
 -0.1864426443756233 0
 -0.1864426443756233 0
 -0.1864426443756233 0
 -0.1864426443756233 0
 -0.1864426443756233 0
 -0.1864426443756233 0
 -0.1864426443756233 0
 -0.1864426443756233 0
 -0.1864426443756233 0
 -0.1864426443756233 0
 -0.1864426443756233 0
 -0.1864426443756233 0
 -0.1864426443756233 0
 -0.1864426443756233 0
 -0.1864426443756233 0
 -0.1864426443756233 0
 -0.1864426443756233 0
 -0.1864426443756233 0
 -0.1864426443756233 0
 -0.1864426443756233 0
 -0.1864426443756233 0
 -0.1864426443756233 0
 -0.1864426443756233 0
 -0.1864426443756233 0
 -0.1864426443756233 0
 -0.1864426443756233 0
 -0.1864426443756233 0
 -0.1864426443756233 0
 -0.1864426443756233 0
 -0.1864426443756233 0
 -0.1864426443756233 0
 -0.1864426443756233 0
 -0.1864426443756233 0
 -0.1864426443756233 0
 -0.1864426443756233 0
 -0.1864426443756233 0
 -0.1864426443756233 0
 -0.1864426443756233 0
 -0.1864426443756233 0
 -0.1864426443756233 0
 -0.1864426443756233 0
 -0.1864426443756233 0
 -0.1864426443756233 0
 -0.1864426443756233 0
 -0.1864426443756233 0
 -0.1864426443756233 0
 -0.1864426443756233 0
 -0.1864426443756233 0
 -0.1864426443756233 0
 -0.1864426443756233 0
 -0.1864426443756233 0
 -0.1864426443756233 0
 -0.1864426443756233 0
 -0.1864426443756233 0
 -0.1864426443756233 0
 -0.1864426443756233 0
 -0.1864426443756233 0
 -0.1864426443756233 0
 -0.1864426443756233 0
 -0.1864426443756233 0
 -0.1864426443756233 0
 -0.1864426443756233 0
 -0.1864426443756233 0
 -0.1864426443756233 0
 -0.1864426443756233 0
 -0.1864426443756233 0
 -0.1864426443756233 0
 -0.1864426443756233 0
 -0.1864426443756233 0
 -0.1864426443756233 0
 -0.1864426443756233 0
 -0.1864426443756233 0
 -0.1864426443756233 0
 -0.1864426443756233 0
 -0.1864426443756233 0
 -0.1864426443756233 0
 -0.1864426443756233 0
 -0.1864426443756233 0
 -0.1864426443756233 0
 -0.1864426443756233 0
 -0.1864426443756233 0
 -0.1864426443756233 0
 -0.1864426443756233 0
 -0.1864426443756233 0
 -0.1864426443756233 0
 -0.1864426443756233 0
 -0.1864426443756233 0
 -0.1864426443756233 0
 -0.1864426443756233 0
 -0.1864426443756233 0
 -0.1864426443756233 0
 -0.1864426443756233 0
 -0.1864426443756233 0
 -0.1864426443756233 0
 -0.1864426443756233 0
 -0.1864426443756233 0
 -0.1864426443756233 0
 -0.1864426443756233 0
 -0.1864426443756233 0
 -0.1864426443756233 0
 -0.1864426443756233 0
 -0.1864426443756233 0
 -0.1864426443756233 0
 -0.1864426443756233 0
 -0.1864426443756233 0
 -0.1864426443756233 0
 -0.1864426443756233 0
 -0.1864426443756233 0
 -0.1864426443756233 0
 -0.1864426443756233 0
 -0.1864426443756233 0
 -0.1864426443756233 0
 -0.1864426443756233 0
 -0.1864426443756233 0
 -0.1864426443756233 0
 -0.1864426443756233 0
 -0.1864426443756233 0
 -0.1864426443756233 0
 -0.1864426443756233 0
 -0.1864426443756233 0
 -0.1864426443756233 0
 -0.1864426443756233 0
 -0.1864426443756233 0
 -0.1864426443756233 0
 -0.1864426443756233 0
 -0.1864426443756233 0
 -0.1864426443756233 0
 -0.1864426443756233 0
 -0.1864426443756233 0
 -0.1864426443756233 0
 -0.1864426443756233 0
 -0.1864426443756233 0
 -0.1864426443756233 0
 -0.1864426443756233 0
 -0.1864426443756233 0
 -0.1864426443756233 0
 -0.1864426443756233 0
 -0.1864426443756233 0
 -0.1864426443756233 0
 -0.1864426443756233 0
 -0.1864426443756233 0
 -0.1864426443756233 0
 -0.1864426443756233 0
 -0.1864426443756233 0
 -0.1864426443756233 0
 -0.1864426443756233 0
 -0.1864426443756233 0
 -0.1864426443756233 0
 -0.1864426443756233 0
 -0.1864426443756233 0
 -0.1864426443756233 0
 -0.1864426443756233 0
 -0.1864426443756233 0
 -0.1864426443756233 0
 -0.1864426443756233 0
 -0.1864426443756233 0
 -0.1864426443756233 0
 -0.1864426443756233 0
 -0.1864426443756233 0
 -0.1864426443756233 0
 -0.1864426443756233 0
 -0.1864426443756233 0
 -0.1864426443756233 0
 -0.1864426443756233 0
 -0.1864426443756233 0
 -0.1864426443756233 0
 -0.1864426443756233 0
 -0.1864426443756233 0
 -0.1864426443756233 0
 -0.1864426443756233 0
 -0.1864426443756233 0
 -0.1864426443756233 0
 -0.1864426443756233 0
 -0.1864426443756233 0
 -0.1864426443756233 0
 -0.1864426443756233 0
 -0.1864426443756233 0
 -0.1864426443756233 0
 -0.1864426443756233 0
 -0.1864426443756233 0
 -0.1864426443756233 0
 -0.1864426443756233 0
 -0.1864426443756233 0
 -0.1864426443756233 0
 -0.1864426443756233 0
 -0.1864426443756233 0
 -0.1864426443756233 0
 -0.1864426443756233 0
 -0.1864426443756233 0
 -0.1864426443756233 0
 -0.1864426443756233 0
 -0.1864426443756233 0
 -0.1864426443756233 0
 -0.1864426443756233 0
 -0.1864426443756233 0
 -0.1864426443756233 0
 -0.1864426443756233 0
 -0.1864426443756233 0
 -0.1864426443756233 0
 -0.1864426443756233 0
 -0.1864426443756233 0
 -0.1864426443756233 0
 -0.1864426443756233 0
 -0.1864426443756233 0
 -0.1864426443756233 0
 -0.1864426443756233 0
 -0.1864426443756233 0
 -0.1864426443756233 0
 -0.1864426443756233 0
 -0.1864426443756233 0
 -0.1864426443756233 0
 -0.1864426443756233 0
 -0.1864426443756233 0
 -0.1864426443756233 0
 -0.1864426443756233 0
 -0.1864426443756233 0
 -0.1864426443756233 0
 -0.1864426443756233 0
 -0.1864426443756233 0
 -0.1864426443756233 0
 -0.1864426443756233 0
 -0.1864426443756233 0
 -0.1864426443756233 0
 -0.1864426443756233 0
 -0.1864426443756233 0
 -0.1864426443756233 0
 -0.1864426443756233 0
 -0.1864426443756233 0
 -0.1864426443756233 0
 -0.1864426443756233 0
 -0.1864426443756233 0
 -0.1864426443756233 0
 -0.1864426443756233 0
 -0.1864426443756233 0
 -0.1864426443756233 0
 -0.1864426443756233 0
 -0.1864426443756233 0
 -0.1864426443756233 0
 -0.1864426443756233 0
 -0.1864426443756233 0
 -0.1864426443756233 0
 -0.1864426443756233 0
 -0.1864426443756233 0
 -0.1864426443756233 0
 -0.1864426443756233 0
 -0.1864426443756233 0
 -0.1864426443756233 0
 -0.1864426443756233 0
 -0.1864426443756233 0
 -0.1864426443756233 0
 -0.1864426443756233 0
 -0.1864426443756233 0
 -0.1864426443756233 0
 -0.1864426443756233 0
 -0.1864426443756233 0
 -0.1864426443756233 0
 -0.1864426443756233 0
 -0.1864426443756233 0
 -0.1864426443756233 0
 -0.1864426443756233 0
 -0.1864426443756233 0
 -0.1864426443756233 0
 -0.1864426443756233 0
 -0.1864426443756233 0
 -0.1864426443756233 0
 -0.1864426443756233 0
 -0.1864426443756233 0
 -0.1864426443756233 0
 -0.1864426443756233 0
 -0.1864426443756233 0
 -0.1864426443756233 0
 -0.1864426443756233 0
 -0.1864426443756233 0
 -0.1864426443756233 0
 -0.1864426443756233 0
 -0.1864426443756233 0
 -0.1864426443756233 0
 -0.1864426443756233 0
 -0.1864426443756233 0
 -0.1864426443756233 0
 -0.1864426443756233 0
 -0.1864426443756233 0
 -0.1864426443756233 0
 -0.1864426443756233 0
 -0.1864426443756233 0
 -0.1864426443756233 0
 -0.1864426443756233 0
 -0.1864426443756233 0
 -0.1864426443756233 0
 -0.1864426443756233 0
 -0.1864426443756233 0
 -0.1864426443756233 0
 -0.1864426443756233 0
 -0.1864426443756233 0
 -0.1864426443756233 0
 -0.1864426443756233 0
 -0.1864426443756233 0
 -0.1864426443756233 0
 -0.1864426443756233 0
 -0.1864426443756233 0
 -0.1864426443756233 0
 -0.1864426443756233 0
 -0.1864426443756233 0
 -0.1864426443756233 0
 -0.1864426443756233 0
 -0.1864426443756233 0
 -0.1864426443756233 0
 -0.1864426443756233 0
 -0.1864426443756233 0
 -0.1864426443756233 0
 -0.1864426443756233 0
 -0.1864426443756233 0
 -0.1864426443756233 0
 -0.1864426443756233 0
 -0.1864426443756233 0
 -0.1864426443756233 0
 -0.1864426443756233 0
 -0.1864426443756233 0
 -0.1864426443756233 0
 -0.1864426443756233 0
 -0.1864426443756233 0
 -0.1864426443756233 0
 -0.1864426443756233 0
 -0.1864426443756233 0
 -0.1864426443756233 0
 -0.1864426443756233 0
 -0.1864426443756233 0
 -0.1864426443756233 0
 -0.1864426443756233 0
 -0.1864426443756233 0
 -0.1864426443756233 0
 -0.1864426443756233 0
 -0.1864426443756233 0
 -0.1864426443756233 0
 -0.1864426443756233 0
 -0.1864426443756233 0
 -0.1864426443756233 0
 -0.1864426443756233 0
 -0.1864426443756233 0
 -0.1864426443756233 0
 -0.1864426443756233 0
 -0.1864426443756233 0
 -0.1864426443756233 0
 -0.1864426443756233 0
 -0.1864426443756233 0
 -0.1864426443756233 0
 -0.1864426443756233 0
 -0.1864426443756233 0
 -0.1864426443756233 0
 -0.1864426443756233 0
 -0.1864426443756233 0
 -0.1864426443756233 0
 -0.1864426443756233 0
 -0.1864426443756233 0
 -0.1864426443756233 0
 -0.1864426443756233 0
 -0.1864426443756233 0
 -0.1864426443756233 0
 -0.1864426443756233 0
 -0.1864426443756233 0
 -0.1864426443756233 0
 -0.1864426443756233 0
 -0.1864426443756233 0
 -0.1864426443756233 0
 -0.1864426443756233 0
 -0.1864426443756233 0
 -0.1864426443756233 0
 -0.1864426443756233 0
 -0.1864426443756233 0
 -0.1864426443756233 0
 -0.1864426443756233 0
 -0.1864426443756233 0
 -0.1864426443756233 0
 -0.1864426443756233 0
 -0.1864426443756233 0
 -0.1864426443756233 0
 -0.1864426443756233 0
 -0.1864426443756233 0
 -0.1864426443756233 0
 -0.1864426443756233 0
 -0.1864426443756233 0
 -0.1864426443756233 0
 -0.1864426443756233 0
 -0.1864426443756233 0
 -0.1864426443756233 0
 -0.1864426443756233 0
 -0.1864426443756233 0
 -0.1864426443756233 0
 -0.1864426443756233 0
 -0.1864426443756233 0
 -0.1864426443756233 0
 -0.1864426443756233 0
 -0.1864426443756233 0
 -0.1864426443756233 0
 -0.1864426443756233 0
 -0.1864426443756233 0
 -0.1864426443756233 0
 -0.1864426443756233 0
 -0.1864426443756233 0
 -0.1864426443756233 0
 -0.1864426443756233 0
 -0.1864426443756233 0
 -0.1864426443756233 0
 -0.1864426443756233 0
 -0.1864426443756233 0
 -0.1864426443756233 0
 -0.1864426443756233 0
 -0.1864426443756233 0
 -0.1864426443756233 0
 -0.1864426443756233 0
 -0.1864426443756233 0
 -0.1864426443756233 0
 -0.1864426443756233 0
 -0.1864426443756233 0
 -0.1864426443756233 0
 -0.1864426443756233 0
 -0.1864426443756233 0
 -0.1864426443756233 0
 -0.1864426443756233 0
 -0.1864426443756233 0
 -0.1864426443756233 0
 -0.1864426443756233 0
 -0.1864426443756233 0
 -0.1864426443756233 0
 -0.1864426443756233 0
 -0.1864426443756233 0
 -0.1864426443756233 0
 -0.1864426443756233 0
 -0.1864426443756233 0
 -0.1864426443756233 0
 -0.1864426443756233 0
 -0.1864426443756233 0
 -0.1864426443756233 0
 -0.1864426443756233 0
 -0.1864426443756233 0
 -0.1864426443756233 0
 -0.1864426443756233 0
 -0.1864426443756233 0
 -0.1864426443756233 0
 -0.1864426443756233 0
 -0.1864426443756233 0
 -0.1864426443756233 0
 -0.1864426443756233 0
 -0.1864426443756233 0
 -0.1864426443756233 0
 -0.1864426443756233 0
 -0.1864426443756233 0
 -0.1864426443756233 0
 -0.1864426443756233 0
 -0.1864426443756233 0
 -0.1864426443756233 0
 -0.1864426443756233 0
 -0.1864426443756233 0
 -0.1864426443756233 0
 -0.1864426443756233 0
 -0.1864426443756233 0
 -0.1864426443756233 0
 -0.1864426443756233 0
 -0.1864426443756233 0
 -0.1864426443756233 0
 -0.1864426443756233 0
 -0.1864426443756233 0
 -0.1864426443756233 0
 -0.1864426443756233 0
 -0.1864426443756233 0
 -0.1864426443756233 0
 -0.1864426443756233 0
 -0.1864426443756233 0
 -0.1864426443756233 0
 -0.1864426443756233 0
 -0.1864426443756233 0
 -0.1864426443756233 0
 -0.1864426443756233 0
 -0.1864426443756233 0
 -0.1864426443756233 0
 -0.1864426443756233 0
 -0.1864426443756233 0
 -0.1864426443756233 0
 -0.1864426443756233 0
 -0.1864426443756233 0
 -0.1864426443756233 0
 -0.1864426443756233 0
 -0.1864426443756233 0
 -0.1864426443756233 0
 -0.1864426443756233 0
 -0.1864426443756233 0
 -0.1864426443756233 0
 -0.1864426443756233 0
 -0.1864426443756233 0
 -0.1864426443756233 0
 -0.1864426443756233 0
 -0.1864426443756233 0
 -0.1864426443756233 0
 -0.1864426443756233 0
 -0.1864426443756233 0
 -0.1864426443756233 0
 -0.1864426443756233 0
 -0.1864426443756233 0
 -0.1864426443756233 0
 -0.1864426443756233 0
 -0.1864426443756233 0
 -0.1864426443756233 0
 -0.1864426443756233 0
 -0.1864426443756233 0
 -0.1864426443756233 0
 -0.1864426443756233 0
 -0.1864426443756233 0
 -0.1864426443756233 0
 -0.1864426443756233 0
 -0.1864426443756233 0
 -0.1864426443756233 0
 -0.1864426443756233 0
 -0.1864426443756233 0
 -0.1864426443756233 0
 -0.1864426443756233 0
 -0.1864426443756233 0
 -0.1864426443756233 0
 -0.1864426443756233 0
 -0.1864426443756233 0
 -0.1864426443756233 0
 -0.1864426443756233 0
 -0.1864426443756233 0
 -0.1864426443756233 0
 -0.1864426443756233 0
 -0.1864426443756233 0
 -0.1864426443756233 0
 -0.1864426443756233 0
 -0.1864426443756233 0
 -0.1864426443756233 0
 -0.1864426443756233 0
 -0.1864426443756233 0
 -0.1864426443756233 0
 -0.1864426443756233 0
 -0.1864426443756233 0
 -0.1864426443756233 0
 -0.1896398600770604 1
 -0.1896398600770604 1
 -0.1896398600770604 1
 -0.1896398600770604 1
 -0.1896398600770604 1
 -0.1896398600770604 1
 -0.1896398600770604 1
 -0.1896398600770604 1
 -0.1896398600770604 1
 -0.1896398600770604 1
 -0.1896398600770604 1
 -0.1896398600770604 1
 -0.1896398600770604 1
 -0.1896398600770604 1
 -0.1896398600770604 1
 -0.1896398600770604 1
 -0.1896398600770604 1
 -0.1896398600770604 1
 -0.1896398600770604 1
 -0.1896398600770604 1
 -0.1896398600770604 1
 -0.1896398600770604 1
 -0.1896398600770604 1
 -0.1896398600770604 1
 -0.1896398600770604 1
 -0.1896398600770604 1
 -0.1896398600770604 1
 -0.1896398600770604 1
 -0.1896398600770604 1
 -0.1896398600770604 1
 -0.1896398600770604 1
 -0.1896398600770604 1
 -0.1896398600770604 1
 -0.1896398600770604 1
 -0.1896398600770604 1
 -0.1896398600770604 1
 -0.1896398600770604 1
 -0.1896398600770604 1
 -0.1896398600770604 1
 -0.1896398600770604 1
 -0.1896398600770604 1
 -0.1896398600770604 1
 -0.1896398600770604 1
 -0.1896398600770604 1
 -0.1896398600770604 1
 -0.1896398600770604 1
 -0.1896398600770604 1
 -0.1896398600770604 1
 -0.1896398600770604 1
 -0.1896398600770604 1
 -0.1896398600770604 1
 -0.1896398600770604 1
 -0.1896398600770604 1
 -0.1896398600770604 1
 -0.1896398600770604 1
 -0.1896398600770604 1
 -0.1896398600770604 1
 -0.1896398600770604 1
 -0.1896398600770604 1
 -0.1896398600770604 1
 -0.1896398600770604 1
 -0.1896398600770604 1
 -0.1896398600770604 1
 -0.1896398600770604 1
 -0.1896398600770604 1
 -0.1896398600770604 1
 -0.1896398600770604 1
 -0.1896398600770604 1
 -0.1896398600770604 1
 -0.1896398600770604 1
 -0.1896398600770604 1
 -0.1896398600770604 1
 -0.1896398600770604 1
 -0.1896398600770604 1
 -0.1896398600770604 1
 -0.1896398600770604 1
 -0.1896398600770604 1
 -0.1896398600770604 1
 -0.1896398600770604 1
 -0.1896398600770604 1
 -0.1896398600770604 1
 -0.1896398600770604 1
 -0.1896398600770604 1
 -0.1896398600770604 1
 -0.1896398600770604 1
 -0.1896398600770604 1
 -0.1896398600770604 1
 -0.1896398600770604 1
 -0.1896398600770604 1
 -0.1896398600770604 1
 -0.1896398600770604 1
 -0.1896398600770604 1
 -0.1896398600770604 1
 -0.1896398600770604 1
 -0.1896398600770604 1
 -0.1896398600770604 1
 -0.1896398600770604 1
 -0.1896398600770604 1
 -0.1896398600770604 1
 -0.1896398600770604 1
 -0.1896398600770604 1
 -0.1896398600770604 1
 -0.1896398600770604 1
 -0.1896398600770604 1
 -0.1896398600770604 1
 -0.1896398600770604 1
 -0.1896398600770604 1
 -0.1896398600770604 1
 -0.1896398600770604 1
 -0.1896398600770604 1
 -0.1896398600770604 1
 -0.1896398600770604 1
 -0.1896398600770604 1
 -0.1896398600770604 1
 -0.1896398600770604 1
 -0.1896398600770604 1
 -0.1896398600770604 1
 -0.1896398600770604 1
 -0.1896398600770604 1
 -0.1896398600770604 1
 -0.1896398600770604 1
 -0.1896398600770604 1
 -0.1896398600770604 1
 -0.1896398600770604 1
 -0.1896398600770604 1
 -0.1896398600770604 1
 -0.1896398600770604 1
 -0.1896398600770604 1
 -0.1896398600770604 1
 -0.1896398600770604 1
 -0.1896398600770604 1
 -0.1896398600770604 1
 -0.1896398600770604 1
 -0.1896398600770604 1
 -0.1896398600770604 1
 -0.1896398600770604 1
 -0.1896398600770604 1
 -0.1896398600770604 1
 -0.1896398600770604 1
 -0.1896398600770604 1
 -0.1896398600770604 1
 -0.1896398600770604 1
 -0.1896398600770604 1
 -0.1896398600770604 1
 -0.1896398600770604 1
 -0.1896398600770604 1
 -0.1896398600770604 1
 -0.1896398600770604 1
 -0.1896398600770604 1
 -0.1896398600770604 1
 -0.1896398600770604 1
 -0.1896398600770604 1
 -0.1896398600770604 1
 -0.1896398600770604 1
 -0.1896398600770604 1
 -0.1896398600770604 1
 -0.1896398600770604 1
 -0.1896398600770604 1
 -0.1896398600770604 1
 -0.1896398600770604 1
 -0.1896398600770604 1
 -0.1896398600770604 1
 -0.1896398600770604 1
 -0.1896398600770604 1
 -0.1896398600770604 1
 -0.1896398600770604 1
 -0.1896398600770604 1
 -0.1896398600770604 1
 -0.1896398600770604 1
 -0.1896398600770604 1
 -0.1896398600770604 1
 -0.1896398600770604 1
 -0.1896398600770604 1
 -0.1896398600770604 1
 -0.1896398600770604 1
 -0.1896398600770604 1
 -0.1896398600770604 1
 -0.1896398600770604 1
 -0.1896398600770604 1
 -0.1896398600770604 1
 -0.1896398600770604 1
 -0.1896398600770604 1
 -0.1896398600770604 1
 -0.1896398600770604 1
 -0.1896398600770604 1
 -0.1896398600770604 1
 -0.1896398600770604 1
 -0.1896398600770604 1
 -0.1896398600770604 1
 -0.1896398600770604 1
 -0.1896398600770604 1
 -0.1896398600770604 1
 -0.1896398600770604 1
 -0.1896398600770604 1
 -0.1896398600770604 1
 -0.1896398600770604 1
 -0.1896398600770604 1
 -0.1896398600770604 1
 -0.1896398600770604 1
 -0.1896398600770604 1
 -0.1896398600770604 1
 -0.1896398600770604 1
 -0.1896398600770604 1
 -0.1896398600770604 1
 -0.1896398600770604 1
 -0.1896398600770604 1
 -0.1896398600770604 1
 -0.1896398600770604 1
 -0.1896398600770604 1
 -0.1896398600770604 1
 -0.1896398600770604 1
 -0.1896398600770604 1
 -0.1896398600770604 1
 -0.1896398600770604 1
 -0.1896398600770604 1
 -0.1896398600770604 1
 -0.1896398600770604 1
 -0.1896398600770604 1
 -0.1896398600770604 1
 -0.1896398600770604 1
 -0.1896398600770604 1
 -0.1896398600770604 1
 -0.1896398600770604 1
 -0.1896398600770604 1
 -0.1896398600770604 1
 -0.1896398600770604 1
 -0.1896398600770604 1
 -0.1896398600770604 1
 -0.1896398600770604 1
 -0.1896398600770604 1
 -0.1896398600770604 1
 -0.1896398600770604 1
 -0.1896398600770604 1
 -0.1896398600770604 1
 -0.1896398600770604 1
 -0.1896398600770604 1
 -0.1896398600770604 1
 -0.1896398600770604 1
 -0.1896398600770604 1
 -0.1896398600770604 1
 -0.1896398600770604 1
 -0.1896398600770604 1
 -0.1896398600770604 1
 -0.1896398600770604 1
 -0.1896398600770604 1
 -0.1896398600770604 1
 -0.1896398600770604 1
 -0.1896398600770604 1
 -0.1896398600770604 1
 -0.1896398600770604 1
 -0.1896398600770604 1
 -0.1896398600770604 1
 -0.1896398600770604 1
 -0.1896398600770604 1
 -0.1896398600770604 1
 -0.1896398600770604 1
 -0.1896398600770604 1
 -0.1896398600770604 1
 -0.1896398600770604 1
 -0.1896398600770604 1
 -0.1896398600770604 1
 -0.1896398600770604 1
 -0.1896398600770604 1
 -0.1896398600770604 1
 -0.1896398600770604 1
 -0.1896398600770604 1
 -0.1896398600770604 1
 -0.1896398600770604 1
 -0.1896398600770604 1
 -0.1896398600770604 1
 -0.1896398600770604 1
 -0.1896398600770604 1
 -0.1896398600770604 1
 -0.1896398600770604 1
 -0.1896398600770604 1
 -0.1896398600770604 1
 -0.1896398600770604 1
 -0.1896398600770604 1
 -0.1896398600770604 1
 -0.1896398600770604 1
 -0.1896398600770604 1
 -0.1896398600770604 1
 -0.1896398600770604 1
 -0.1896398600770604 1
 -0.1896398600770604 1
 -0.1896398600770604 1
 -0.1896398600770604 1
 -0.1896398600770604 1
 -0.1896398600770604 1
 -0.1896398600770604 1
 -0.1896398600770604 1
 -0.1896398600770604 1
 -0.1896398600770604 1
 -0.1896398600770604 1
 -0.1896398600770604 1
 -0.1896398600770604 1
 -0.1896398600770604 1
 -0.1896398600770604 1
 -0.1896398600770604 1
 -0.1896398600770604 1
 -0.1896398600770604 1
 -0.1896398600770604 1
 -0.1896398600770604 1
 -0.1896398600770604 1
 -0.1896398600770604 1
 -0.1896398600770604 1
 -0.1896398600770604 1
 -0.1896398600770604 1
 -0.1896398600770604 1
 -0.1896398600770604 1
 -0.1896398600770604 1
 -0.1896398600770604 1
 -0.1896398600770604 1
 -0.1896398600770604 1
 -0.1896398600770604 1
 -0.1896398600770604 1
 -0.1896398600770604 1
 -0.1896398600770604 1
 -0.1896398600770604 1
 -0.1896398600770604 1
 -0.1896398600770604 1
 -0.1896398600770604 1
 -0.1896398600770604 1
 -0.1896398600770604 1
 -0.1896398600770604 1
 -0.1896398600770604 1
 -0.1896398600770604 1
 -0.1896398600770604 1
 -0.1896398600770604 1
 -0.1896398600770604 1
 -0.1896398600770604 1
 -0.1896398600770604 1
 -0.1896398600770604 1
 -0.1896398600770604 1
 -0.1896398600770604 1
 -0.1896398600770604 1
 -0.1896398600770604 1
 -0.1896398600770604 1
 -0.1896398600770604 1
 -0.1896398600770604 1
 -0.1896398600770604 1
 -0.1896398600770604 1
 -0.1896398600770604 1
 -0.1896398600770604 1
 -0.1896398600770604 1
 -0.1896398600770604 1
 -0.1896398600770604 1
 -0.1896398600770604 1
 -0.1896398600770604 1
 -0.1896398600770604 1
 -0.1896398600770604 1
 -0.1896398600770604 1
 -0.1896398600770604 1
 -0.1896398600770604 1
 -0.1896398600770604 1
 -0.1896398600770604 1
 -0.1896398600770604 1
 -0.1896398600770604 1
 -0.1896398600770604 1
 -0.1896398600770604 1
 -0.1896398600770604 1
 -0.1896398600770604 1
 -0.1896398600770604 1
 -0.1896398600770604 1
 -0.1896398600770604 1
 -0.1896398600770604 1
 -0.1896398600770604 1
 -0.1896398600770604 1
 -0.1896398600770604 1
 -0.1896398600770604 1
 -0.1896398600770604 1
 -0.1896398600770604 1
 -0.1896398600770604 1
 -0.1896398600770604 1
 -0.1896398600770604 1
 -0.1896398600770604 1
 -0.1896398600770604 1
 -0.1896398600770604 1
 -0.1896398600770604 1
 -0.1896398600770604 1
 -0.1896398600770604 1
 -0.1896398600770604 1
 -0.1896398600770604 1
 -0.1896398600770604 1
 -0.1896398600770604 1
 -0.1896398600770604 1
 -0.1896398600770604 1
 -0.1896398600770604 1
 -0.1896398600770604 1
 -0.1896398600770604 1
 -0.1896398600770604 1
 -0.1896398600770604 1
 -0.1896398600770604 1
 -0.1896398600770604 1
 -0.1896398600770604 1
 -0.1896398600770604 1
 -0.1896398600770604 1
 -0.1896398600770604 1
 -0.1896398600770604 1
 -0.1896398600770604 1
 -0.1896398600770604 1
 -0.1896398600770604 1
 -0.1896398600770604 1
 -0.1896398600770604 1
 -0.1896398600770604 1
 -0.1896398600770604 1
 -0.1896398600770604 1
 -0.1896398600770604 1
 -0.1896398600770604 1
 -0.1896398600770604 1
 -0.1896398600770604 1
 -0.1896398600770604 1
 -0.1896398600770604 1
 -0.1896398600770604 1
 -0.1896398600770604 1
 -0.1896398600770604 1
 -0.1896398600770604 1
 -0.1896398600770604 1
 -0.1896398600770604 1
 -0.1896398600770604 1
 -0.1896398600770604 1
 -0.1896398600770604 1
 -0.1896398600770604 1
 -0.1896398600770604 1
 -0.1896398600770604 1
 -0.1896398600770604 1
 -0.1896398600770604 1
 -0.1896398600770604 1
 -0.1896398600770604 1
 -0.1896398600770604 1
 -0.1896398600770604 1
 -0.1896398600770604 1
 -0.1896398600770604 1
 -0.1896398600770604 1
 -0.1896398600770604 1
 -0.1896398600770604 1
 -0.1896398600770604 1
 -0.1896398600770604 1
 -0.1896398600770604 1
 -0.1896398600770604 1
 -0.1896398600770604 1
 -0.1896398600770604 1
 -0.1896398600770604 1
 -0.1896398600770604 1
 -0.1896398600770604 1
 -0.1896398600770604 1
 -0.1896398600770604 1
 -0.1896398600770604 1
 -0.1896398600770604 1
 -0.1896398600770604 1
 -0.1896398600770604 1
 -0.1896398600770604 1
 -0.1896398600770604 1
 -0.1896398600770604 1
 -0.1896398600770604 1
 -0.1896398600770604 1
 -0.1896398600770604 1
 -0.1896398600770604 1
 -0.1896398600770604 1
 -0.1896398600770604 1
 -0.1896398600770604 1
 -0.1896398600770604 1
 -0.1896398600770604 1
 -0.1896398600770604 1
 -0.1896398600770604 1
 -0.1896398600770604 1
 -0.1896398600770604 1
 -0.1896398600770604 1
 -0.1896398600770604 1
 -0.1896398600770604 1
 -0.1896398600770604 1
 -0.1896398600770604 1
 -0.1896398600770604 1
 -0.1896398600770604 1
 -0.1896398600770604 1
 -0.1896398600770604 1
 -0.1896398600770604 1
 -0.1896398600770604 1
 -0.1896398600770604 1
 -0.1896398600770604 1
 -0.1896398600770604 1
 -0.1896398600770604 1
 -0.1896398600770604 1
 -0.1896398600770604 1
 -0.1896398600770604 1
 -0.1896398600770604 1
 -0.1896398600770604 1
 -0.1896398600770604 1
 -0.1896398600770604 1
 -0.1896398600770604 1
 -0.1896398600770604 1
 -0.1896398600770604 1
 -0.1896398600770604 1
 -0.1896398600770604 1
 -0.1896398600770604 1
 -0.1896398600770604 1
 -0.1896398600770604 1
 -0.1896398600770604 1
 -0.1896398600770604 1
 -0.1896398600770604 1
 -0.1896398600770604 1
 -0.1896398600770604 1
 -0.1896398600770604 1
 -0.1896398600770604 1
 -0.1896398600770604 1
 -0.1896398600770604 1
 -0.1896398600770604 1
 -0.1896398600770604 1
 -0.1896398600770604 1
 -0.1896398600770604 1
 -0.1896398600770604 1
 -0.1896398600770604 1
 -0.1896398600770604 1
 -0.1896398600770604 1
 -0.1896398600770604 1
 -0.1896398600770604 1
 -0.1896398600770604 1
 -0.1896398600770604 1
 -0.1896398600770604 1
 -0.1896398600770604 1
 -0.1896398600770604 1
 -0.1896398600770604 1
 -0.1896398600770604 1
 -0.1896398600770604 1
 -0.1896398600770604 1
 -0.1896398600770604 1
 -0.1896398600770604 1
 -0.1896398600770604 1
 -0.1896398600770604 1
 -0.1896398600770604 1
 -0.1896398600770604 1
 -0.1896398600770604 1
 -0.1896398600770604 1
 -0.1896398600770604 1
 -0.1896398600770604 1
 -0.1896398600770604 1
 -0.1896398600770604 1
 -0.1896398600770604 1
 -0.1896398600770604 1
 -0.1896398600770604 1
 -0.1896398600770604 1
 -0.1896398600770604 1
 -0.1896398600770604 1
 -0.1896398600770604 1
 -0.1896398600770604 1
 -0.1896398600770604 1
 -0.1896398600770604 1
 -0.1896398600770604 1
 -0.1896398600770604 1
 -0.1896398600770604 1
 -0.1896398600770604 1
 -0.1896398600770604 1
 -0.1896398600770604 1
 -0.1896398600770604 1
 -0.1896398600770604 1
 -0.1896398600770604 1
 -0.1896398600770604 1
 -0.1896398600770604 1
 -0.1896398600770604 1
 -0.1896398600770604 1
 -0.1896398600770604 1
 -0.1896398600770604 1
 -0.1896398600770604 1
 -0.1896398600770604 1
 -0.1896398600770604 1
 -0.1896398600770604 1
 -0.1896398600770604 1
 -0.1896398600770604 1
 -0.1896398600770604 1
 -0.1896398600770604 1
 -0.1896398600770604 1
 -0.1896398600770604 1
 -0.1896398600770604 1
 -0.1896398600770604 1
 -0.1896398600770604 1
 -0.1896398600770604 1
 -0.1896398600770604 1
 -0.1896398600770604 1
 -0.1896398600770604 1
 -0.1896398600770604 1
 -0.1896398600770604 1
 -0.1896398600770604 1
 -0.1896398600770604 1
 -0.1896398600770604 1
 -0.1896398600770604 1
 -0.1896398600770604 1
 -0.1896398600770604 1
 -0.1896398600770604 1
 -0.1896398600770604 1
 -0.1896398600770604 1
 -0.1896398600770604 1
 -0.1896398600770604 1
 -0.1896398600770604 1
 -0.1896398600770604 1
 -0.1896398600770604 1
 -0.1896398600770604 1
 -0.1896398600770604 1
 -0.1896398600770604 1
 -0.1896398600770604 1
 -0.1896398600770604 1
 -0.1896398600770604 1
 -0.1896398600770604 1
 -0.1896398600770604 1
 -0.1896398600770604 1
 -0.1896398600770604 1
 -0.1896398600770604 1
 -0.1896398600770604 1
 -0.1896398600770604 1
 -0.1896398600770604 1
 -0.1896398600770604 1
 -0.1896398600770604 1
 -0.1896398600770604 1
 -0.1896398600770604 1
 -0.1896398600770604 1
 -0.1896398600770604 1
 -0.1896398600770604 1
 -0.1896398600770604 1
 -0.1896398600770604 1
 -0.1896398600770604 1
 -0.1896398600770604 1
 -0.1896398600770604 1
 -0.1896398600770604 1
 -0.1896398600770604 1
 -0.1896398600770604 1
 -0.1896398600770604 1
 -0.1896398600770604 1
 -0.1896398600770604 1
 -0.1896398600770604 1
 -0.1896398600770604 1
 -0.1896398600770604 1
 -0.1896398600770604 1
 -0.1896398600770604 1
 -0.1896398600770604 1
 -0.1896398600770604 1
 -0.1896398600770604 1
 -0.1896398600770604 1
 -0.1896398600770604 1
 -0.1896398600770604 1
 -0.1896398600770604 1
 -0.1896398600770604 1
 -0.1896398600770604 1
 -0.1896398600770604 1
 -0.1896398600770604 1
 -0.1896398600770604 1
 -0.1896398600770604 1
 -0.1896398600770604 1
 -0.1896398600770604 1
 -0.1896398600770604 1
 -0.1896398600770604 1
 -0.1896398600770604 1
 -0.1896398600770604 1
 -0.1896398600770604 1
 -0.1896398600770604 1
 -0.1896398600770604 1
 -0.1896398600770604 1
 -0.1896398600770604 1
 -0.1896398600770604 1
 -0.1896398600770604 1
 -0.1896398600770604 1
 -0.1896398600770604 1
 -0.1896398600770604 1
 -0.1896398600770604 1
 -0.1896398600770604 1
 -0.1896398600770604 1
 -0.1896398600770604 1
 -0.1896398600770604 1
 -0.1896398600770604 1
 -0.1896398600770604 1
 -0.1896398600770604 1
 -0.1896398600770604 1
 -0.1896398600770604 1
 -0.1896398600770604 1
 -0.1896398600770604 1
 -0.1896398600770604 1
 -0.1896398600770604 1
 -0.1896398600770604 1
 -0.1896398600770604 1
 -0.1896398600770604 1
 -0.1896398600770604 1
 -0.1896398600770604 1
 -0.1896398600770604 1
 -0.1896398600770604 1
 -0.1896398600770604 1
 -0.1896398600770604 1
 -0.1896398600770604 1
 -0.1896398600770604 1
 -0.1896398600770604 1
 -0.1896398600770604 1
 -0.1896398600770604 1
 -0.1896398600770604 1
 -0.1896398600770604 1
 -0.1896398600770604 1
 -0.1896398600770604 1
 -0.1896398600770604 1
 -0.1896398600770604 1
 -0.1896398600770604 1
 -0.1896398600770604 1
 -0.1896398600770604 1
 -0.1896398600770604 1
 -0.1896398600770604 1
 -0.1896398600770604 1
 -0.1896398600770604 1
 -0.1896398600770604 1
 -0.1896398600770604 1
 -0.1896398600770604 1
 -0.1896398600770604 1
 -0.1896398600770604 1
 -0.1896398600770604 1
 -0.1896398600770604 1
 -0.1896398600770604 1
 -0.1896398600770604 1
 -0.1896398600770604 1
 -0.1896398600770604 1
 -0.1896398600770604 1
 -0.1896398600770604 1
 -0.1896398600770604 1
 -0.1896398600770604 1
 -0.1896398600770604 1
 -0.1896398600770604 1
 -0.1896398600770604 1
 -0.1896398600770604 1
 -0.1896398600770604 1
 -0.1896398600770604 1
 -0.1896398600770604 1
 -0.1896398600770604 1
 -0.1896398600770604 1
 -0.1896398600770604 1
 -0.1896398600770604 1
 -0.1896398600770604 1
 -0.1896398600770604 1
 -0.1896398600770604 1
 -0.1896398600770604 1
 -0.1896398600770604 1
 -0.1896398600770604 1
 -0.1896398600770604 1
 -0.1896398600770604 1
 -0.1896398600770604 1
 -0.1896398600770604 1
 -0.1896398600770604 1
 -0.1896398600770604 1
 -0.1896398600770604 1
 -0.1896398600770604 1
 -0.1896398600770604 1
 -0.1896398600770604 1
 -0.1896398600770604 1
 -0.1896398600770604 1
 -0.1896398600770604 1
 -0.1896398600770604 1
 -0.1896398600770604 1
 -0.1896398600770604 1
 -0.1896398600770604 1
 -0.1896398600770604 1
 -0.1896398600770604 1
 -0.1896398600770604 1
 -0.1896398600770604 1
 -0.1896398600770604 1
 -0.1896398600770604 1
 -0.1896398600770604 1
 -0.1896398600770604 1
 -0.1896398600770604 1
 -0.1896398600770604 1
 -0.1896398600770604 1
 -0.1896398600770604 1
 -0.1896398600770604 1
 -0.1896398600770604 1
 -0.1896398600770604 1
 -0.1896398600770604 1
 -0.1896398600770604 1
 -0.1896398600770604 1
 -0.1896398600770604 1
 -0.1896398600770604 1
 -0.1896398600770604 1
 -0.1896398600770604 1
 -0.1896398600770604 1
 -0.1896398600770604 1
 -0.1896398600770604 1
 -0.1896398600770604 1
 -0.1896398600770604 1
 -0.1896398600770604 1
 -0.1896398600770604 1
 -0.1896398600770604 1
 -0.1896398600770604 1
 -0.1896398600770604 1
 -0.1896398600770604 1
 -0.1896398600770604 1
 -0.1896398600770604 1
 -0.1896398600770604 1
 -0.1896398600770604 1
 -0.1896398600770604 1
 -0.1896398600770604 1
 -0.1896398600770604 1
 -0.1896398600770604 1
 -0.1896398600770604 1
 -0.1896398600770604 1
 -0.1896398600770604 1
 -0.1896398600770604 1
 -0.1896398600770604 1
 -0.1896398600770604 1
 -0.1896398600770604 1
 -0.1896398600770604 1
 -0.1896398600770604 1
 -0.1896398600770604 1
 -0.1896398600770604 1
 -0.1896398600770604 1
 -0.1896398600770604 1
 -0.1896398600770604 1
 -0.1896398600770604 1
 -0.1896398600770604 1
 -0.1896398600770604 1
 -0.1896398600770604 1
 -0.1896398600770604 1
 -0.1896398600770604 1
 -0.1896398600770604 1
 -0.1896398600770604 1
 -0.1896398600770604 1
 -0.1896398600770604 1
 -0.1896398600770604 1
 -0.1896398600770604 1
 -0.1896398600770604 1
 -0.1896398600770604 1
 -0.1896398600770604 1
 -0.1896398600770604 1
 -0.1896398600770604 1
 -0.1896398600770604 1
 -0.1896398600770604 1
 -0.1896398600770604 1
 -0.1896398600770604 1
 -0.1896398600770604 1
 -0.1896398600770604 1
 -0.1896398600770604 1
 -0.1896398600770604 1
 -0.1896398600770604 1
 -0.1896398600770604 1
 -0.1896398600770604 1
 -0.1896398600770604 1
 -0.1896398600770604 1
 -0.1896398600770604 1
 -0.1896398600770604 1
 -0.1896398600770604 1
 -0.1896398600770604 1
 -0.1896398600770604 1
 -0.1896398600770604 1
 -0.1896398600770604 1
 -0.1896398600770604 1
 -0.1896398600770604 1
 -0.1896398600770604 1
 -0.1896398600770604 1
 -0.1896398600770604 1
 -0.1896398600770604 1
 -0.1896398600770604 1
 -0.1896398600770604 1
 -0.1896398600770604 1
 -0.1896398600770604 1
 -0.1896398600770604 1
 -0.1896398600770604 1
 -0.1896398600770604 1
 -0.1896398600770604 1
 -0.1896398600770604 1
 -0.1896398600770604 1
 -0.1896398600770604 1
 -0.1896398600770604 1
 -0.1896398600770604 1
 -0.1896398600770604 1
 -0.1896398600770604 1
 -0.1896398600770604 1
 -0.1896398600770604 1
 -0.1896398600770604 1
 -0.1896398600770604 1
 -0.1896398600770604 1
 -0.1896398600770604 1
 -0.1896398600770604 1
 -0.1896398600770604 1
 -0.1896398600770604 1
 -0.1896398600770604 1
 -0.1896398600770604 1
 -0.1896398600770604 1
 -0.1896398600770604 1
 -0.1896398600770604 1
 -0.1896398600770604 1
 -0.1896398600770604 1
 -0.1896398600770604 1
 -0.1896398600770604 1
 -0.1896398600770604 1
 -0.1896398600770604 1
 -0.1896398600770604 1
 -0.1896398600770604 1
 -0.1896398600770604 1
 -0.1896398600770604 1
 -0.1896398600770604 1
 -0.1896398600770604 1
 -0.1896398600770604 1
 -0.1896398600770604 1
 -0.1896398600770604 1
 -0.1896398600770604 1
 -0.1896398600770604 1
 -0.1896398600770604 1
 -0.1896398600770604 1
 -0.1896398600770604 1
 -0.1896398600770604 1
 -0.1896398600770604 1
 -0.1896398600770604 1
 -0.1896398600770604 1
 -0.1896398600770604 1
 -0.1896398600770604 1
 -0.1896398600770604 1
 -0.1896398600770604 1
 -0.1896398600770604 1
 -0.1896398600770604 1
 -0.1896398600770604 1
 -0.1896398600770604 1
 -0.1896398600770604 1
 -0.1896398600770604 1
 -0.1896398600770604 1
 -0.1896398600770604 1
 -0.1896398600770604 1
 -0.1896398600770604 1
 -0.1896398600770604 1
 -0.1896398600770604 1
 -0.1896398600770604 1
 -0.1896398600770604 1
 -0.1896398600770604 1
 -0.1896398600770604 1
 -0.1896398600770604 1
 -0.1896398600770604 1
 -0.1896398600770604 1
 -0.1896398600770604 1
 -0.1896398600770604 1
 -0.1896398600770604 1
 -0.1896398600770604 1
 -0.1896398600770604 1
 -0.1896398600770604 1
 -0.1896398600770604 1
 -0.1896398600770604 1
 -0.1896398600770604 1
 -0.1896398600770604 1
 -0.1896398600770604 1
 -0.1896398600770604 1
 -0.1896398600770604 1
 -0.1896398600770604 1
 -0.1896398600770604 1
 -0.1896398600770604 1
 -0.1896398600770604 1
 -0.1896398600770604 1
 -0.1896398600770604 1
 -0.1896398600770604 1
 -0.1896398600770604 1
 -0.1896398600770604 1
 -0.1896398600770604 1
 -0.1896398600770604 1
 -0.1896398600770604 1
 -0.1896398600770604 1
 -0.1896398600770604 1
 -0.1896398600770604 1
 -0.1896398600770604 1
 -0.1896398600770604 1
 -0.1896398600770604 1
 -0.1896398600770604 1
 -0.1896398600770604 1
 -0.1896398600770604 1
 -0.1896398600770604 1
 -0.1896398600770604 1
 -0.1896398600770604 1
 -0.1896398600770604 1
 -0.1896398600770604 1
 -0.1896398600770604 1
 -0.1896398600770604 1
 -0.1896398600770604 1
 -0.1896398600770604 1
 -0.1896398600770604 1
 -0.1896398600770604 1
 -0.1896398600770604 1
 -0.1896398600770604 1
 -0.1896398600770604 1
 -0.1896398600770604 1
 -0.1896398600770604 1
 -0.1896398600770604 1
 -0.1896398600770604 1
 -0.1896398600770604 1
 -0.1896398600770604 1
 -0.1896398600770604 1
 -0.1896398600770604 1
 -0.1896398600770604 1
 -0.1896398600770604 1
 -0.1896398600770604 1
 -0.1896398600770604 1
 -0.1896398600770604 1
 -0.1896398600770604 1
 -0.1896398600770604 1
 -0.1896398600770604 1
 -0.1896398600770604 1
 -0.1896398600770604 1
 -0.1896398600770604 1
 -0.1896398600770604 1
 -0.1896398600770604 1
 -0.1896398600770604 1
 -0.1896398600770604 1
 -0.1896398600770604 1
 -0.1896398600770604 1
 -0.1896398600770604 1
 -0.1896398600770604 1
 -0.1896398600770604 1
 -0.1896398600770604 1
 -0.1896398600770604 1
 -0.1896398600770604 1
 -0.1896398600770604 1
 -0.1896398600770604 1
 -0.1896398600770604 1
 -0.1896398600770604 1
 -0.1896398600770604 1
 -0.1896398600770604 1
 -0.1896398600770604 1
 -0.1896398600770604 1
 -0.1896398600770604 1
 -0.1896398600770604 1
 -0.1896398600770604 1
 -0.1896398600770604 1
 -0.1896398600770604 1
 -0.1896398600770604 1
 -0.1896398600770604 1
 -0.1896398600770604 1
 -0.1896398600770604 1
 -0.1896398600770604 1
 -0.1896398600770604 1
 -0.1896398600770604 1
 -0.1896398600770604 1
 -0.1896398600770604 1
 -0.1896398600770604 1
 -0.1896398600770604 1
 -0.1896398600770604 1
 -0.1896398600770604 1
 -0.1896398600770604 1
 -0.1896398600770604 1
 -0.1896398600770604 1
 -0.1896398600770604 1
 -0.1896398600770604 1
 -0.1896398600770604 1
 -0.1896398600770604 1
 -0.1896398600770604 1
 -0.1896398600770604 1
 -0.1896398600770604 1
 -0.1896398600770604 1
 -0.1896398600770604 1
 -0.1896398600770604 1
 -0.1896398600770604 1
 -0.1896398600770604 1
 -0.1896398600770604 1
 -0.1896398600770604 1
 -0.1896398600770604 1
 -0.1896398600770604 1
 -0.1896398600770604 1
 -0.1896398600770604 1
 -0.1896398600770604 1
 -0.1896398600770604 1
 -0.1896398600770604 1
 -0.1896398600770604 1
 -0.1896398600770604 1
 -0.1896398600770604 1
 -0.1896398600770604 1
 -0.1896398600770604 1
 -0.1896398600770604 1
 -0.1896398600770604 1
 -0.1896398600770604 1
 -0.1896398600770604 1
 -0.1896398600770604 1
 -0.1896398600770604 1
 -0.1896398600770604 1
 -0.1896398600770604 1
 -0.1896398600770604 1
 -0.1896398600770604 1
 -0.1896398600770604 1
 -0.1896398600770604 1
 -0.1896398600770604 1
 -0.1896398600770604 1
 -0.1896398600770604 1
 -0.1896398600770604 1
 -0.1896398600770604 1
 -0.1896398600770604 1
 -0.1896398600770604 1
 -0.1896398600770604 1
 -0.1896398600770604 1
 -0.1896398600770604 1
 -0.1896398600770604 1
 -0.1896398600770604 1
 -0.1896398600770604 1
 -0.1896398600770604 1
 -0.1896398600770604 1
 -0.1896398600770604 1
 -0.1896398600770604 1
 -0.1896398600770604 1
 -0.1896398600770604 1
 -0.1896398600770604 1
 -0.1896398600770604 1
 -0.1896398600770604 1
 -0.1896398600770604 1
 -0.1896398600770604 1
 -0.1896398600770604 1
 -0.1896398600770604 1
 -0.1896398600770604 1
 -0.1896398600770604 1
 -0.1896398600770604 1
 -0.1896398600770604 1
 -0.1896398600770604 1
 -0.1896398600770604 1
 -0.1896398600770604 1
 -0.1896398600770604 1
 -0.1896398600770604 1
 -0.1896398600770604 1
 -0.1896398600770604 1
 -0.1896398600770604 1
 -0.1896398600770604 1
 -0.1896398600770604 1
 -0.1896398600770604 1
 -0.1896398600770604 1
 -0.1896398600770604 1
 -0.1896398600770604 1
 -0.1896398600770604 1
 -0.1896398600770604 1
 -0.1896398600770604 1
 -0.1896398600770604 1
 -0.1896398600770604 1
 -0.1896398600770604 1
 -0.1896398600770604 1
 -0.1896398600770604 1
 -0.1896398600770604 1
 -0.1896398600770604 1
 -0.1896398600770604 1
 -0.1896398600770604 1
 -0.1896398600770604 1
 -0.1896398600770604 1
 -0.1896398600770604 1
 -0.1896398600770604 1
 -0.1896398600770604 1
 -0.1896398600770604 1
 -0.1896398600770604 1
 -0.1896398600770604 1
 -0.1896398600770604 1
 -0.1896398600770604 1
 -0.1896398600770604 1
 -0.1896398600770604 1
 -0.1896398600770604 1
 -0.1896398600770604 1
 -0.1896398600770604 1
 -0.1896398600770604 1
 -0.1896398600770604 1
 -0.1896398600770604 1
 -0.1896398600770604 1
 -0.1896398600770604 1
 -0.1896398600770604 1
 -0.1896398600770604 1
 -0.1896398600770604 1
 -0.1896398600770604 1
 -0.1896398600770604 1
 -0.1896398600770604 1
 -0.1896398600770604 1
 -0.1896398600770604 1
 -0.1896398600770604 1
 -0.1896398600770604 1
 -0.1896398600770604 1
 -0.1896398600770604 1
 -0.1896398600770604 1
 -0.1896398600770604 1
 -0.1896398600770604 1
 -0.1896398600770604 1
 -0.1896398600770604 1
 -0.1896398600770604 1
 -0.1896398600770604 1
 -0.1896398600770604 1
 -0.1896398600770604 1
 -0.1896398600770604 1
 -0.1896398600770604 1
 -0.1896398600770604 1
 -0.1896398600770604 1
 -0.1896398600770604 1
 -0.1896398600770604 1
 -0.1896398600770604 1
 -0.1896398600770604 1
 -0.1896398600770604 1
 -0.1896398600770604 1
 -0.1896398600770604 1
 -0.1896398600770604 1
 -0.1896398600770604 1
 -0.1896398600770604 1
 -0.1896398600770604 1
 -0.1896398600770604 1
 -0.1896398600770604 1
 -0.1896398600770604 1
 -0.1896398600770604 1
 -0.1896398600770604 1
 -0.1896398600770604 1
 -0.1896398600770604 1
 -0.1896398600770604 1
 -0.1896398600770604 1
 -0.1896398600770604 1
 -0.1896398600770604 1
 -0.1896398600770604 1
 -0.1896398600770604 1
 -0.1896398600770604 1
 -0.1896398600770604 1
 -0.1896398600770604 1
 -0.1896398600770604 1
 -0.1896398600770604 1
 -0.1896398600770604 1
 -0.1896398600770604 1
 -0.1896398600770604 1
 -0.1896398600770604 1
 -0.1896398600770604 1
 -0.1896398600770604 1
 -0.1896398600770604 1
 -0.1896398600770604 1
 -0.1896398600770604 1
 -0.1896398600770604 1
 -0.1896398600770604 1
 -0.1896398600770604 1
 -0.1896398600770604 1
 -0.1896398600770604 1
 -0.1896398600770604 1
 -0.1896398600770604 1
 -0.1896398600770604 1
 -0.1896398600770604 1
 -0.1896398600770604 1
 -0.1896398600770604 1
 -0.1896398600770604 1
 -0.1896398600770604 1
 -0.1896398600770604 1
 -0.1896398600770604 1
 -0.1896398600770604 1
 -0.1896398600770604 1
 -0.1896398600770604 1
 -0.1896398600770604 1
 -0.1896398600770604 1
 -0.1896398600770604 1
 -0.1896398600770604 1
 -0.1896398600770604 1
 -0.1896398600770604 1
 -0.1896398600770604 1
 -0.1896398600770604 1
 -0.1896398600770604 1
 -0.1896398600770604 1
 -0.1896398600770604 1
 -0.1896398600770604 1
 -0.1896398600770604 1
 -0.1896398600770604 1
 -0.1896398600770604 1
 -0.1896398600770604 1
 -0.1896398600770604 1
 -0.1896398600770604 1
 -0.1896398600770604 1
 -0.1896398600770604 1
 -0.1896398600770604 1
 -0.1896398600770604 1
 -0.1896398600770604 1
 -0.1896398600770604 1
 -0.1896398600770604 1
 -0.1896398600770604 1
 -0.1896398600770604 1
 -0.1896398600770604 1
 -0.1896398600770604 1
 -0.1896398600770604 1
 -0.1896398600770604 1
 -0.1896398600770604 1
 -0.1896398600770604 1
 -0.1896398600770604 1
 -0.1896398600770604 1
 -0.1896398600770604 1
 -0.1896398600770604 1
 -0.1896398600770604 1
 -0.1896398600770604 1
 -0.1896398600770604 1
 -0.1896398600770604 1
 -0.1896398600770604 1
 -0.1896398600770604 1
 -0.1896398600770604 1
 -0.1896398600770604 1
 -0.1896398600770604 1
 -0.1896398600770604 1
 -0.1896398600770604 1
 -0.1896398600770604 1
 -0.1896398600770604 1
 -0.1896398600770604 1
 -0.1896398600770604 1
 -0.1896398600770604 1
 -0.1896398600770604 1
 -0.1896398600770604 1
 -0.1896398600770604 1
 -0.1896398600770604 1
 -0.1896398600770604 1
 -0.1896398600770604 1
 -0.1896398600770604 1
 -0.1896398600770604 1
 -0.1896398600770604 1
 -0.1896398600770604 1
 -0.1896398600770604 1
 -0.1896398600770604 1
 -0.1896398600770604 1
 -0.1896398600770604 1
 -0.1896398600770604 1
 -0.1896398600770604 1
 -0.1896398600770604 1
 -0.1896398600770604 1
 -0.1896398600770604 1
 -0.1896398600770604 1
 -0.1896398600770604 1
 -0.1896398600770604 1
 -0.1896398600770604 1
 -0.1896398600770604 1
 -0.1896398600770604 1
 -0.1896398600770604 1
 -0.1896398600770604 1
 -0.1896398600770604 1
 -0.1896398600770604 1
 -0.1896398600770604 1
 -0.1896398600770604 1
 -0.1896398600770604 1
 -0.1896398600770604 1
 -0.1896398600770604 1
 -0.1896398600770604 1
 -0.1896398600770604 1
 -0.1896398600770604 1
 -0.1896398600770604 1
 -0.1896398600770604 1
 -0.1896398600770604 1
 -0.1896398600770604 1
 -0.1896398600770604 1
 -0.1896398600770604 1
 -0.1896398600770604 1
 -0.1896398600770604 1
 -0.1896398600770604 1
 -0.1896398600770604 1
 -0.1896398600770604 1
 -0.1896398600770604 1
 -0.1896398600770604 1
 -0.1896398600770604 1
 -0.1896398600770604 1
 -0.1896398600770604 1
 -0.1896398600770604 1
 -0.1896398600770604 1
 -0.1896398600770604 1
 -0.1896398600770604 1
 -0.1896398600770604 1
 -0.1896398600770604 1
 -0.1896398600770604 1
 -0.1896398600770604 1
 -0.1896398600770604 1
 -0.1896398600770604 1
 -0.1896398600770604 1
 -0.1896398600770604 1
 -0.1896398600770604 1
 -0.1896398600770604 1
 -0.1896398600770604 1
 -0.1896398600770604 1
 -0.1896398600770604 1
 -0.1896398600770604 1
 -0.1896398600770604 1
 -0.1896398600770604 1
 -0.1896398600770604 1
 -0.1896398600770604 1
 -0.1896398600770604 1
 -0.1896398600770604 1
 -0.1896398600770604 1
 -0.1896398600770604 1
 -0.1896398600770604 1
 -0.1896398600770604 1
 -0.1896398600770604 1
 -0.1896398600770604 1
 -0.1896398600770604 1
 -0.1896398600770604 1
 -0.1896398600770604 1
 -0.1896398600770604 1
 -0.1896398600770604 1
 -0.1896398600770604 1
 -0.1896398600770604 1
 -0.1896398600770604 1
 -0.1896398600770604 1
 -0.1896398600770604 1
 -0.1896398600770604 1
 -0.1896398600770604 1
 -0.1896398600770604 1
 -0.1896398600770604 1
 -0.1896398600770604 1
 -0.1896398600770604 1
 -0.1896398600770604 1
 -0.1896398600770604 1
 -0.1896398600770604 1
 -0.1896398600770604 1
 -0.1896398600770604 1
 -0.1896398600770604 1
 -0.1896398600770604 1
 -0.1896398600770604 1
 -0.1896398600770604 1
 -0.1896398600770604 1
 -0.1896398600770604 1
 -0.1896398600770604 1
 -0.1896398600770604 1
 -0.1896398600770604 1
 -0.1896398600770604 1
 -0.1896398600770604 1
 -0.1896398600770604 1
 -0.1896398600770604 1
 -0.1896398600770604 1
 -0.1896398600770604 1
 -0.1896398600770604 1
 -0.1896398600770604 1
 -0.1896398600770604 1
 -0.1896398600770604 1
 -0.1896398600770604 1
 -0.1896398600770604 1
 -0.1896398600770604 1
 -0.1896398600770604 1
 -0.1896398600770604 1
 -0.1896398600770604 1
 -0.1896398600770604 1
 -0.1896398600770604 1
 -0.1896398600770604 1
 -0.1896398600770604 1
 -0.1896398600770604 1
 -0.1896398600770604 1
 -0.1896398600770604 1
 -0.1896398600770604 1
 -0.1896398600770604 1
 -0.1896398600770604 1
 -0.1896398600770604 1
 -0.1896398600770604 1
 -0.1896398600770604 1
 -0.1896398600770604 1
 -0.1896398600770604 1
 -0.1896398600770604 1
 -0.1896398600770604 1
 -0.1896398600770604 1
 -0.1896398600770604 1
 -0.1896398600770604 1
 -0.1896398600770604 1
 -0.1896398600770604 1
 -0.1896398600770604 1
 -0.1896398600770604 1
 -0.1896398600770604 1
 -0.1896398600770604 1
 -0.1896398600770604 1
 -0.1896398600770604 1
 -0.1896398600770604 1
 -0.1896398600770604 1
 -0.1896398600770604 1
 -0.1896398600770604 1
 -0.1896398600770604 1
 -0.1896398600770604 1
 -0.1896398600770604 1
 -0.1896398600770604 1
 -0.1896398600770604 1
 -0.1896398600770604 1
 -0.1896398600770604 1
 -0.1896398600770604 1
 -0.1896398600770604 1
 -0.1896398600770604 1
 -0.1896398600770604 1
 -0.1896398600770604 1
 -0.1896398600770604 1
 -0.1896398600770604 1
 -0.1896398600770604 1
 -0.1896398600770604 1
 -0.1896398600770604 1
 -0.1896398600770604 1
 -0.1896398600770604 1
 -0.1896398600770604 1
 -0.1896398600770604 1
 -0.1896398600770604 1
 -0.1896398600770604 1
 -0.1896398600770604 1
 -0.1896398600770604 1
 -0.1896398600770604 1
 -0.1896398600770604 1
 -0.1896398600770604 1
 -0.1896398600770604 1
 -0.1896398600770604 1
 -0.1896398600770604 1
 -0.1896398600770604 1
 -0.1896398600770604 1
 -0.1896398600770604 1
 -0.1896398600770604 1
 -0.1896398600770604 1
 -0.1896398600770604 1
 -0.1896398600770604 1
 -0.1896398600770604 1
 -0.1896398600770604 1
 -0.1896398600770604 1
 -0.1896398600770604 1
 -0.1896398600770604 1
 -0.1896398600770604 1
 -0.1896398600770604 1
 -0.1896398600770604 1
 -0.1896398600770604 1
 -0.1896398600770604 1
 -0.1896398600770604 1
 -0.1896398600770604 1
 -0.1896398600770604 1
 -0.1896398600770604 1
 -0.1896398600770604 1
 -0.1896398600770604 1
 -0.1896398600770604 1
 -0.1896398600770604 1
 -0.1896398600770604 1
 -0.1896398600770604 1
