1
 -0.2964280070024977 0
 -0.2964280070024977 0
 -0.28878584458291434 0
 -0.28608281689022313 0
 -0.28346887466908766 0
 -0.28346887466908766 0
 -0.28122727866885555 0
 -0.28001438900545317 0
 -0.28001438900545317 0
 -0.27904842105693495 0
 -0.2762063400780218 0
 -0.2747028861128069 0
 -0.2747028861128069 0
 -0.2747028861128069 0
 -0.2731841109502675 0
 -0.2731841109502675 0
 -0.2731841109502675 0
 -0.2731841109502675 0
 -0.2731841109502675 0
 -0.2731841109502675 0
 -0.2731841109502675 0
 -0.2731841109502675 0
 -0.2731841109502675 0
 -0.2731841109502675 0
 -0.2731841109502675 0
 -0.2731841109502675 0
 -0.2731841109502675 0
 -0.2729002610256813 0
 -0.272591551723755 0
 -0.272591551723755 0
 -0.272591551723755 0
 -0.272591551723755 0
 -0.272591551723755 0
 -0.272591551723755 0
 -0.272591551723755 0
 -0.272591551723755 0
 -0.272591551723755 0
 -0.272591551723755 0
 -0.272591551723755 0
 -0.2723795750117252 0
 -0.2723795750117252 0
 -0.2723795750117252 0
 -0.2723795750117252 0
 -0.2723795750117252 0
 -0.2723795750117252 0
 -0.2723795750117252 0
 -0.2723795750117252 0
 -0.27210550453796495 0
 -0.27210550453796495 0
 -0.27210550453796495 0
 -0.27210550453796495 0
 -0.27210550453796495 0
 -0.27210550453796495 0
 -0.27210550453796495 0
 -0.27210550453796495 0
 -0.27210550453796495 0
 -0.27210550453796495 0
 -0.27210550453796495 0
 -0.27210550453796495 0
 -0.27178787368190294 0
 -0.27178787368190294 0
 -0.27178787368190294 0
 -0.27178787368190294 0
 -0.27178787368190294 0
 -0.27178787368190294 0
 -0.2716718356978411 0
 -0.2716718356978411 0
 -0.2716718356978411 0
 -0.2716718356978411 0
 -0.2716718356978411 0
 -0.2716718356978411 0
 -0.2716718356978411 0
 -0.27165843701093023 0
 -0.27165843701093023 0
 -0.27165843701093023 0
 -0.27165843701093023 0
 -0.27165843701093023 0
 -0.27165843701093023 0
 -0.27165843701093023 0
 -0.27165843701093023 0
 -0.27165843701093023 0
 -0.27165843701093023 0
 -0.27165843701093023 0
 -0.27165843701093023 0
 -0.27152637085761605 0
 -0.27152637085761605 0
 -0.27152637085761605 0
 -0.27152637085761605 0
 -0.27152637085761605 0
 -0.27152637085761605 0
 -0.2714940231820868 0
 -0.2714940231820868 0
 -0.2714940231820868 0
 -0.2714940231820868 0
 -0.2714940231820868 0
 -0.2714940231820868 0
 -0.2714940231820868 0
 -0.2714940231820868 0
 -0.2714940231820868 0
 -0.2714940231820868 0
 -0.2714940231820868 0
 -0.2714940231820868 0
 -0.271436103982805 0
 -0.271436103982805 0
 -0.271436103982805 0
 -0.271436103982805 0
 -0.271436103982805 0
 -0.2714227434331284 0
 -0.2714227434331284 0
 -0.2714227434331284 0
 -0.2714227434331284 0
 -0.2714227434331284 0
 -0.2714227434331284 0
 -0.2714227434331284 0
 -0.2714227434331284 0
 -0.2714227434331284 0
 -0.2714200964728777 0
 -0.2714200964728777 0
 -0.2714200964728777 0
 -0.2714200964728777 0
 -0.2714200964728777 0
 -0.2714200964728777 0
 -0.2714200964728777 0
 -0.2714200964728777 0
 -0.2714200964728777 0
 -0.2714200964728777 0
 -0.2714200964728777 0
 -0.2714200964728777 0
 -0.2714200964728777 0
 -0.2714200964728777 0
 -0.2714200964728777 0
 -0.2714200964728777 0
 -0.2714200964728777 0
 -0.2714200964728777 0
 -0.2714200964728777 0
 -0.2714200964728777 0
 -0.2714200964728777 0
 -0.2714200964728777 0
 -0.2714150405569723 0
 -0.2714150405569723 0
 -0.2712611999446918 0
 -0.2712611999446918 0
 -0.2712611999446918 0
 -0.2712611999446918 0
 -0.2712611999446918 0
 -0.2712611999446918 0
 -0.2712611999446918 0
 -0.2712611999446918 0
 -0.2712611999446918 0
 -0.2712611999446918 0
 -0.2712611999446918 0
 -0.2712611999446918 0
 -0.27125612239942026 0
 -0.27125612239942026 0
 -0.27125612239942026 0
 -0.27125612239942026 0
 -0.27125612239942026 0
 -0.27125612239942026 0
 -0.27125612239942026 0
 -0.27125612239942026 0
 -0.27125612239942026 0
 -0.27125612239942026 0
 -0.27125612239942026 0
 -0.27125612239942026 0
 -0.27125612239942026 0
 -0.27125612239942026 0
 -0.27125612239942026 0
 -0.27125612239942026 0
 -0.27125612239942026 0
 -0.27125612239942026 0
 -0.27125612239942026 0
 -0.27125612239942026 0
 -0.27125612239942026 0
 -0.27125612239942026 0
 -0.27125612239942026 0
 -0.27125612239942026 0
 -0.27125612239942026 0
 -0.27125612239942026 0
 -0.27125612239942026 0
 -0.27125612239942026 0
 -0.27125612239942026 0
 -0.27125612239942026 0
 -0.27125612239942026 0
 -0.27125612239942026 0
 -0.27125612239942026 0
 -0.27125612239942026 0
 -0.27125612239942026 0
 -0.27125612239942026 0
 -0.27125612239942026 0
 -0.27124087897428734 0
 -0.27124087897428734 0
 -0.27124087897428734 0
 -0.2712303517161901 0
 -0.2712303517161901 0
 -0.2712303517161901 0
 -0.2712303517161901 0
 -0.2712303517161901 0
 -0.2712303517161901 0
 -0.2712303517161901 0
 -0.2712303517161901 0
 -0.2712303517161901 0
 -0.2712303517161901 0
 -0.2712270255931372 0
 -0.271074566584475 0
 -0.271074566584475 0
 -0.271074566584475 0
 -0.271074566584475 0
 -0.271074566584475 0
 -0.2710677028416121 0
 -0.2710677028416121 0
 -0.2710677028416121 0
 -0.2710677028416121 0
 -0.2710677028416121 0
 -0.2710677028416121 0
 -0.2710677028416121 0
 -0.2710677028416121 0
 -0.2710677028416121 0
 -0.2710677028416121 0
 -0.2710677028416121 0
 -0.2710677028416121 0
 -0.2710677028416121 0
 -0.2710677028416121 0
 -0.27106279691322593 0
 -0.27106279691322593 0
 -0.27106279691322593 0
 -0.27106279691322593 0
 -0.27106279691322593 0
 -0.27106279691322593 0
 -0.27106279691322593 0
 -0.27106279691322593 0
 -0.27106279691322593 0
 -0.27106279691322593 0
 -0.27106279691322593 0
 -0.27106279691322593 0
 -0.27106279691322593 0
 -0.27106279691322593 0
 -0.2710627608965402 0
 -0.2710627608965402 0
 -0.2710627608965402 0
 -0.2710627608965402 0
 -0.2710627608965402 0
 -0.2710627608965402 0
 -0.2710627608965402 0
 -0.2710627608965402 0
 -0.2710627608965402 0
 -0.2710627608965402 0
 -0.2710627608965402 0
 -0.2710627608965402 0
 -0.2710627608965402 0
 -0.2710627608965402 0
 -0.2710627608965402 0
 -0.2710627608965402 0
 -0.2710627608965402 0
 -0.2710627608965402 0
 -0.2710627608965402 0
 -0.2710627608965402 0
 -0.2710627608965402 0
 -0.2710627608965402 0
 -0.2710627608965402 0
 -0.2710203389001081 0
 -0.2710203389001081 0
 -0.2710203389001081 0
 -0.2710203389001081 0
 -0.2710203389001081 0
 -0.2710203389001081 0
 -0.2710160679746517 0
 -0.2710160679746517 0
 -0.2710160679746517 0
 -0.2710160679746517 0
 -0.2710160679746517 0
 -0.2710160679746517 0
 -0.2710160679746517 0
 -0.2710160679746517 0
 -0.2710160679746517 0
 -0.2710160679746517 0
 -0.2710160679746517 0
 -0.2710160679746517 0
 -0.2710160679746517 0
 -0.2710160679746517 0
 -0.2710160679746517 0
 -0.2710160679746517 0
 -0.2710160679746517 0
 -0.2710160679746517 0
 -0.2710160679746517 0
 -0.2710160679746517 0
 -0.2710160679746517 0
 -0.2710160679746517 0
 -0.2710160679746517 0
 -0.2710160679746517 0
 -0.2710160679746517 0
 -0.2710160679746517 0
 -0.2710160679746517 0
 -0.2710160679746517 0
 -0.2710160679746517 0
 -0.2710160679746517 0
 -0.2710160679746517 0
 -0.2710160679746517 0
 -0.2710160679746517 0
 -0.2710160679746517 0
 -0.2710160679746517 0
 -0.2710160679746517 0
 -0.2710160679746517 0
 -0.2710160679746517 0
 -0.2710160679746517 0
 -0.2710160679746517 0
 -0.2710160679746517 0
 -0.2710160679746517 0
 -0.2710160679746517 0
 -0.2710160679746517 0
 -0.2710160679746517 0
 -0.2710160679746517 0
 -0.2710160679746517 0
 -0.2710160551260433 0
 -0.2710160551260433 0
 -0.2710160551260433 0
 -0.2710160551260433 0
 -0.2710160551260433 0
 -0.2710160551260433 0
 -0.2710160551260433 0
 -0.2710160551260433 0
 -0.2710160551260433 0
 -0.27101586978693 0
 -0.27101419530920706 0
 -0.27101419530920706 0
 -0.27101419530920706 0
 -0.27101419530920706 0
 -0.27101419530920706 0
 -0.27101419530920706 0
 -0.27101419530920706 0
 -0.27101419530920706 0
 -0.27101419530920706 0
 -0.27101419530920706 0
 -0.27101419530920706 0
 -0.27101419530920706 0
 -0.27101419530920706 0
 -0.27101419530920706 0
 -0.27101419530920706 0
 -0.27101419530920706 0
 -0.271013640997713 0
 -0.271013640997713 0
 -0.271013640997713 0
 -0.271013640997713 0
 -0.271013640997713 0
 -0.271013640997713 0
 -0.271013640997713 0
 -0.271013640997713 0
 -0.271013640997713 0
 -0.271013640997713 0
 -0.271013640997713 0
 -0.271013640997713 0
 -0.271013640997713 0
 -0.271013640997713 0
 -0.271013640997713 0
 -0.271013640997713 0
 -0.271013640997713 0
 -0.271013640997713 0
 -0.271013640997713 0
 -0.271013640997713 0
 -0.271013640997713 0
 -0.271013640997713 0
 -0.271013640997713 0
 -0.271013640997713 0
 -0.271013640997713 0
 -0.271013640997713 0
 -0.271013640997713 0
 -0.271013640997713 0
 -0.271013640997713 0
 -0.271013640997713 0
 -0.271013640997713 0
 -0.271013640997713 0
 -0.271013640997713 0
 -0.271013640997713 0
 -0.271013640997713 0
 -0.271013640997713 0
 -0.271013640997713 0
 -0.271013640997713 0
 -0.271013640997713 0
 -0.271013640997713 0
 -0.271013640997713 0
 -0.271013640997713 0
 -0.271013640997713 0
 -0.271013640997713 0
 -0.271013640997713 0
 -0.271013640997713 0
 -0.2710136345031728 0
 -0.2710136345031728 0
 -0.2710136345031728 0
 -0.2710136334527256 0
 -0.2710136334527256 0
 -0.2710136217226941 0
 -0.2710136217226941 0
 -0.2710136217226941 0
 -0.2710136217226941 0
 -0.2710136217226941 0
 -0.2710136211989068 0
 -0.2710136211989068 0
 -0.2710134367247574 0
 -0.2710134367247574 0
 -0.2710134367247574 0
 -0.2710134367247574 0
 -0.2710134367247574 0
 -0.2710134367247574 0
 -0.2710134367247574 0
 -0.2710134367247574 0
 -0.2710134367247574 0
 -0.2710134318040095 0
 -0.2710134318040095 0
 -0.2710134318040095 0
 -0.2710134318040095 0
 -0.2710134318040095 0
 -0.2710134318040095 0
 -0.2710134318040095 0
 -0.2710134318040095 0
 -0.2710134318040095 0
 -0.2710134318040095 0
 -0.27101342944497264 0
 -0.27101342944497264 0
 -0.27101342944497264 0
 -0.27101342944497264 0
 -0.27101342944497264 0
 -0.27101342944497264 0
 -0.27101342944497264 0
 -0.27101342944497264 0
 -0.27101342944497264 0
 -0.27101342944497264 0
 -0.27101342944497264 0
 -0.27101342944497264 0
 -0.27101342944497264 0
 -0.27101342944497264 0
 -0.27101342944497264 0
 -0.27101342944497264 0
 -0.27101342944497264 0
 -0.27101342944497264 0
 -0.27101342944497264 0
 -0.27101342944497264 0
 -0.27101342944497264 0
 -0.27101342944497264 0
 -0.27101342944497264 0
 -0.27101342944497264 0
 -0.27101342944497264 0
 -0.27101342944497264 0
 -0.27101342944497264 0
 -0.27101342944497264 0
 -0.27101342944497264 0
 -0.27101342944497264 0
 -0.27101342944497264 0
 -0.2710120582702826 0
 -0.2710120582702826 0
 -0.2710120582702826 0
 -0.2710120582702826 0
 -0.2710120582702826 0
 -0.2710120582702826 0
 -0.2710120582702826 0
 -0.2710120582702826 0
 -0.2710120582702826 0
 -0.2710120582702826 0
 -0.2710120582702826 0
 -0.2710120582702826 0
 -0.2710120582702826 0
 -0.2710120582702826 0
 -0.2710120582702826 0
 -0.2710120582702826 0
 -0.2710120582702826 0
 -0.2710118810008769 0
 -0.2710118810008769 0
 -0.2710118810008769 0
 -0.2710118810008769 0
 -0.2710118810008769 0
 -0.2710118810008769 0
 -0.27101188100082263 0
 -0.27101188100082263 0
 -0.27101188100082263 0
 -0.27101188100082263 0
 -0.27101188100082263 0
 -0.27101188100082263 0
 -0.27101188100082263 0
 -0.27101188100082263 0
 -0.27101188100082263 0
 -0.27101188100082263 0
 -0.27101188100082263 0
 -0.27101188100082263 0
 -0.27101188100082263 0
 -0.27101188100082263 0
 -0.27101188100082263 0
 -0.27101188100082263 0
 -0.27101188100082263 0
 -0.2710118808181202 0
 -0.2710118808181202 0
 -0.2710118808181202 0
 -0.2710118808181202 0
 -0.2710118808181202 0
 -0.2710118808181202 0
 -0.2710118808181202 0
 -0.2710118808181202 0
 -0.2710118808181202 0
 -0.2710118808181202 0
 -0.2710118808181202 0
 -0.2710118808181202 0
 -0.2710118808181202 0
 -0.27101187156446943 0
 -0.27101187156446943 0
 -0.2710118562217319 0
 -0.2710118562217319 0
 -0.2710118562217319 0
 -0.2710118562217319 0
 -0.2710118562217319 0
 -0.2710118562217319 0
 -0.2710118562217319 0
 -0.2710118562217319 0
 -0.2710118562217319 0
 -0.2710118562217319 0
 -0.2710118562217319 0
 -0.2710118562217319 0
 -0.2710118562217319 0
 -0.2710118562217319 0
 -0.2710118562217319 0
 -0.2710118562217319 0
 -0.2710118562217319 0
 -0.2710118562217319 0
 -0.2710118562217319 0
 -0.2710118562217319 0
 -0.2710118562217319 0
 -0.2710118562217319 0
 -0.2710118562217319 0
 -0.2710118562217319 0
 -0.2710118562217319 0
 -0.2710118562217319 0
 -0.2710118562217319 0
 -0.2710118441088553 0
 -0.2710118441088553 0
 -0.2710118441088553 0
 -0.2710118441088553 0
 -0.2710118441088553 0
 -0.2710118441088553 0
 -0.2710118441088553 0
 -0.2710118441088553 0
 -0.2710118441088553 0
 -0.2710118441088553 0
 -0.2710118441088553 0
 -0.2710118441088553 0
 -0.2710118441088553 0
 -0.2710118441088553 0
 -0.2710118441088553 0
 -0.2710118441088553 0
 -0.2710118441088553 0
 -0.2710118441088553 0
 -0.2710118441088553 0
 -0.2710118441088553 0
 -0.2710118441088553 0
 -0.2710118441088553 0
 -0.2710118441088553 0
 -0.2710118441088553 0
 -0.2710118441088553 0
 -0.2710118438071897 0
 -0.2710118438071897 0
 -0.2710118438071897 0
 -0.2710118438071897 0
 -0.27101183836419646 0
 -0.27101183836419646 0
 -0.27101183836419646 0
 -0.27101183836419646 0
 -0.27101183836419646 0
 -0.2710113327312632 0
 -0.2710113327312632 0
 -0.2710113327312632 0
 -0.2710113327312632 0
 -0.2710113327312632 0
 -0.2710113327312632 0
 -0.2710113327312632 0
 -0.2710113327312632 0
 -0.2710113327312632 0
 -0.2710113327312632 0
 -0.2710113327312632 0
 -0.2710113327312632 0
 -0.2710113327312632 0
 -0.2710113327312632 0
 -0.2710113327312632 0
 -0.2710113327312632 0
 -0.2710113327312632 0
 -0.2710113327312632 0
 -0.2710113327312632 0
 -0.2710113327312632 0
 -0.27101131472510653 0
 -0.27101128653213835 0
 -0.27101128653213835 0
 -0.27101128653213835 0
 -0.27101128653213835 0
 -0.27101128653213835 0
 -0.27101128653213835 0
 -0.27101128653213835 0
 -0.27101128653213835 0
 -0.27101128653213835 0
 -0.27101128653213835 0
 -0.27101128653213835 0
 -0.27101128653213835 0
 -0.27101128653213835 0
 -0.27101128653213835 0
 -0.27101128653213835 0
 -0.27101128653213835 0
 -0.27101128653213835 0
 -0.27101128653213835 0
 -0.27101128653213835 0
 -0.27101128653213835 0
 -0.27101128653213835 0
 -0.27101128653213835 0
 -0.27101128653213835 0
 -0.27101128653213835 0
 -0.27101128653213835 0
 -0.2710112740313606 0
 -0.2710112740313606 0
 -0.2710112740313606 0
 -0.2710112740313606 0
 -0.2710112740313606 0
 -0.2710112740313606 0
 -0.2710112740313606 0
 -0.2710112740313606 0
 -0.2710112740313606 0
 -0.2710112740313606 0
 -0.2710112740313606 0
 -0.2710112740313606 0
 -0.2710112740313606 0
 -0.2710112740313606 0
 -0.2710112740313606 0
 -0.2710112740313606 0
 -0.2710112740313606 0
 -0.2710112740313606 0
 -0.2710112740313606 0
 -0.2710112740313606 0
 -0.2710112740313606 0
 -0.2710112740313606 0
 -0.2710112740313606 0
 -0.2710112740313606 0
 -0.2710112740313606 0
 -0.2710112740313606 0
 -0.2710112740313606 0
 -0.2710112740313606 0
 -0.2710112740313606 0
 -0.2710112740313606 0
 -0.2710112740313606 0
 -0.2710112740313606 0
 -0.2710112740313606 0
 -0.2710112740313606 0
 -0.27101126476937654 0
 -0.27101126476937654 0
 -0.27101126476937654 0
 -0.27101126476937654 0
 -0.27101126476937654 0
 -0.27101126476937654 0
 -0.27101126476937654 0
 -0.27101126476937654 0
 -0.27101126476937654 0
 -0.27101126476937654 0
 -0.27101126476937654 0
 -0.27101126476937654 0
 -0.27101126476937654 0
 -0.27101126476937654 0
 -0.27101126476937654 0
 -0.27101126476937654 0
 -0.27101126476937654 0
 -0.27101126476937654 0
 -0.27101126476937654 0
 -0.27101126476937654 0
 -0.27101126476937654 0
 -0.27101126476937654 0
 -0.27101126476937654 0
 -0.27101126439098777 0
 -0.27101126439098777 0
 -0.27101126439098777 0
 -0.27101126439098777 0
 -0.2710112353370417 0
 -0.2710112353370417 0
 -0.2710112353370417 0
 -0.2710112353370417 0
 -0.2710112353370417 0
 -0.2710112353370417 0
 -0.2710112353370417 0
 -0.2710112353370417 0
 -0.2710112353370417 0
 -0.2710112353370417 0
 -0.2710112353370417 0
 -0.2710112353370417 0
 -0.2710112353370417 0
 -0.2710112353370417 0
 -0.2710112353370417 0
 -0.2710112353370417 0
 -0.2710112353370417 0
 -0.2710112353370417 0
 -0.2710112353370417 0
 -0.2710112353370417 0
 -0.2710112353370417 0
 -0.2710112353370417 0
 -0.2710112353370417 0
 -0.27101123521106846 0
 -0.27101123521106846 0
 -0.27101123521106846 0
 -0.27101123521106846 0
 -0.27101123521106846 0
 -0.27101123521106846 0
 -0.27101123521106846 0
 -0.27101123521106846 0
 -0.27101123521106846 0
 -0.27101123521106846 0
 -0.27101123521106846 0
 -0.27101123521106846 0
 -0.27101123521106846 0
 -0.27101123521106846 0
 -0.27101123521106846 0
 -0.27101123521106846 0
 -0.27101123521106846 0
 -0.27101123521106846 0
 -0.27101123521106846 0
 -0.27101123521106846 0
 -0.27101123521106846 0
 -0.27101123521106846 0
 -0.2710112350845664 0
 -0.2710112350845664 0
 -0.2710112350845664 0
 -0.2710112350845664 0
 -0.2710112350845664 0
 -0.2710112350845664 0
 -0.2710112350845664 0
 -0.2710112350845664 0
 -0.2710112350845664 0
 -0.2710112350845664 0
 -0.2710112350845664 0
 -0.2710112350845664 0
 -0.27101123501679847 0
 -0.271011175886641 0
 -0.271011175886641 0
 -0.271011175886641 0
 -0.271011175886641 0
 -0.271011175886641 0
 -0.271011175886641 0
 -0.271011175886641 0
 -0.271011175886641 0
 -0.271011175886641 0
 -0.271011175886641 0
 -0.271011175886641 0
 -0.271011175886641 0
 -0.271011175886641 0
 -0.271011175886641 0
 -0.271011175886641 0
 -0.271011175886641 0
 -0.271011175886641 0
 -0.271011175886641 0
 -0.271011175886641 0
 -0.271011175886641 0
 -0.271011175886641 0
 -0.271011175886641 0
 -0.271011175886641 0
 -0.271011175886641 0
 -0.27101117565548255 0
 -0.27101117565548255 0
 -0.27101117565548255 0
 -0.27101117565548255 0
 -0.27101117565548255 0
 -0.27101117565548255 0
 -0.27101117565548255 0
 -0.27101117565548255 0
 -0.27101117565548255 0
 -0.27101117565548255 0
 -0.27101111293113345 0
 -0.27101111293113345 0
 -0.27101111293113345 0
 -0.27101111293113345 0
 -0.27101111293113345 0
 -0.27101111293113345 0
 -0.27101111293113345 0
 -0.27101111293113345 0
 -0.27101111293113345 0
 -0.27101111293113345 0
 -0.27101111293113345 0
 -0.27101111293113345 0
 -0.27101111293113345 0
 -0.27101111293113345 0
 -0.27101111293113345 0
 -0.27101111293113345 0
 -0.27101111293113345 0
 -0.27101111293113345 0
 -0.27101111293113345 0
 -0.27101111293113345 0
 -0.27101111293113345 0
 -0.27101111293113345 0
 -0.27101111293113345 0
 -0.27101111293113345 0
 -0.27101111293113345 0
 -0.27101111293113345 0
 -0.27101111293113345 0
 -0.27101111293113345 0
 -0.271011048851533 0
 -0.271011048851533 0
 -0.271011048851533 0
 -0.271011048851533 0
 -0.271011048851533 0
 -0.271011048851533 0
 -0.271011048851533 0
 -0.271011048851533 0
 -0.271011048851533 0
 -0.271011048851533 0
 -0.2710110463329081 0
 -0.2710110463329081 0
 -0.2710110463329081 0
 -0.2710110463329081 0
 -0.2710110463329081 0
 -0.2710110463329081 0
 -0.271011046259275 0
 -0.271011046259275 0
 -0.271011046259275 0
 -0.271011046259275 0
 -0.271011046259275 0
 -0.271011046259275 0
 -0.271011046259275 0
 -0.271011046259275 0
 -0.271011046259275 0
 -0.271011046259275 0
 -0.271011046259275 0
 -0.271011046259275 0
 -0.271011046259275 0
 -0.271011046259275 0
 -0.271011046259275 0
 -0.271011046259275 0
 -0.2710110448540294 0
 -0.2710110448540294 0
 -0.2710110448540294 0
 -0.2710110448540294 0
 -0.2710110448540294 0
 -0.2710110448540294 0
 -0.2710110448540294 0
 -0.2710110448540294 0
 -0.2710110448540294 0
 -0.2710110448540294 0
 -0.2710110448540294 0
 -0.2710110448540294 0
 -0.2710110448540294 0
 -0.2710110448540294 0
 -0.2710110448540294 0
 -0.2710110448540294 0
 -0.2710110389622919 0
 -0.2710110389622919 0
 -0.27101058859720356 0
 -0.27101058859720356 0
 -0.27101058859720356 0
 -0.27101058859720356 0
 -0.2710105258975211 0
 -0.2710105258975211 0
 -0.2710105258975211 0
 -0.2710105258975211 0
 -0.2710105258975211 0
 -0.2710105258975211 0
 -0.2710105258975211 0
 -0.2710105258975211 0
 -0.2710105258975211 0
 -0.2710105258975211 0
 -0.2710105258975211 0
 -0.2710105258975211 0
 -0.2710105258975211 0
 -0.2710105258975211 0
 -0.2710105258975211 0
 -0.2710105258975211 0
 -0.2710105258975211 0
 -0.2710105258975211 0
 -0.2710105258975211 0
 -0.2710105258975211 0
 -0.2710105258975211 0
 -0.27101052233255885 0
 -0.27101052233255885 0
 -0.27101052233255885 0
 -0.27101052233255885 0
 -0.27101052233255885 0
 -0.27101052233255885 0
 -0.27101052233255885 0
 -0.27101052233255885 0
 -0.27101052233255885 0
 -0.27101052233255885 0
 -0.27101050674723276 0
 -0.27101050674723276 0
 -0.27101050674723276 0
 -0.27101050674723276 0
 -0.27101050674723276 0
 -0.27101050674723276 0
 -0.27101050674723276 0
 -0.27101050674723276 0
 -0.27101050674723276 0
 -0.2710105047602765 0
 -0.2710105047602765 0
 -0.2710105047602765 0
 -0.2710105047602765 0
 -0.27101050472139465 0
 -0.27101050472139465 0
 -0.27101050472139465 0
 -0.27101050472139465 0
 -0.27101050472139465 0
 -0.27101050472139465 0
 -0.27101050472139465 0
 -0.27101050472139465 0
 -0.27101050472139465 0
 -0.27101050472139465 0
 -0.27101050472139465 0
 -0.27101050472139465 0
 -0.27101050472139465 0
 -0.27101050472139465 0
 -0.27101050472139465 0
 -0.27101050472139465 0
 -0.27101050472139465 0
 -0.27101050472139465 0
 -0.27101050472139465 0
 -0.27101050472139465 0
 -0.27101050472139465 0
 -0.27101050472139465 0
 -0.27101050472139465 0
 -0.27101050470940835 0
 -0.27101050470940835 0
 -0.27101050470940835 0
 -0.27101050470940835 0
 -0.27101050470940835 0
 -0.27101050470940835 0
 -0.27101050470940835 0
 -0.27101050470940835 0
 -0.27101050470940835 0
 -0.27101050470940835 0
 -0.27101050470940835 0
 -0.27101050470940835 0
 -0.27101050470940835 0
 -0.27101050470940835 0
 -0.27101050467944643 0
 -0.27101050467944643 0
 -0.27101050467944643 0
 -0.27101050460767007 0
 -0.27101050460767007 0
 -0.27101050460767007 0
 -0.27101050460767007 0
 -0.2710105043834526 0
 -0.2710105043834526 0
 -0.2710105043834526 0
 -0.2710105043834526 0
 -0.2710105043834526 0
 -0.2710105043834526 0
 -0.2710105043834526 0
 -0.2710105043834526 0
 -0.2710105043834526 0
 -0.2710105043834526 0
 -0.2710105043834526 0
 -0.2710105043834526 0
 -0.2710105043834526 0
 -0.2710105043834526 0
 -0.2710105043834526 0
 -0.2710105043834526 0
 -0.2710105043834526 0
 -0.2710105043834526 0
 -0.2710105043834526 0
 -0.2710105043834526 0
 -0.2710105043834526 0
 -0.2710105043834526 0
 -0.2710105043834526 0
 -0.2710105043834526 0
 -0.2710105043834526 0
 -0.2710105043834526 0
 -0.2710105043834526 0
 -0.2710105043834526 0
 -0.2710105043834526 0
 -0.2710105043834526 0
 -0.2710105043834526 0
 -0.2710105043834526 0
 -0.2710105043834526 0
 -0.2710105043834526 0
 -0.2710105043834526 0
 -0.2710105043834526 0
 -0.2710105043834526 0
 -0.2710105043834526 0
 -0.2710105043834526 0
 -0.2710105043834526 0
 -0.2710105043834526 0
 -0.27101050437545815 0
 -0.27101050437545815 0
 -0.27101050437545815 0
 -0.27101050437545815 0
 -0.27101050437545815 0
 -0.27101050437545815 0
 -0.27101050437545815 0
 -0.27101050437545815 0
 -0.27101050437545815 0
 -0.27101050437545815 0
 -0.27101050437545815 0
 -0.27101050437027197 0
 -0.27101050437027197 0
 -0.27101050437027197 0
 -0.27101050437027197 0
 -0.27101050437027197 0
 -0.27101050437027197 0
 -0.27101050437027197 0
 -0.27101050437027197 0
 -0.27101050437027197 0
 -0.27101050437027197 0
 -0.27101050434370677 0
 -0.27101050434370677 0
 -0.27101050434370677 0
 -0.27101050434370677 0
 -0.27101050434370677 0
 -0.27101050434370677 0
 -0.27101050434370677 0
 -0.27101050434370677 0
 -0.27101050434370677 0
 -0.27101050434370677 0
 -0.27101050434370677 0
 -0.27101050434370677 0
 -0.2710105043431991 0
 -0.2710105043431991 0
 -0.2710105043431991 0
 -0.2710105043431991 0
 -0.2710105043431991 0
 -0.2710105043431991 0
 -0.2710105043431991 0
 -0.2710105043431991 0
 -0.2710105043431991 0
 -0.2710105043431991 0
 -0.2710105043415921 0
 -0.2710105043415921 0
 -0.2710105043415921 0
 -0.2710105043415921 0
 -0.2710105043415921 0
 -0.2710105043415921 0
 -0.2710105043415921 0
 -0.2710105043415921 0
 -0.2710105043415921 0
 -0.2710105043415921 0
 -0.2710105043415921 0
 -0.2710105043415921 0
 -0.2710105043415921 0
 -0.2710105043415921 0
 -0.2710105043415921 0
 -0.2710105043415921 0
 -0.2710105043415921 0
 -0.2710105043415921 0
 -0.2710105043415921 0
 -0.2710105043415921 0
 -0.2710105043415921 0
 -0.2710105043415921 0
 -0.2710105043415921 0
 -0.2710105043415921 0
 -0.2710105043415921 0
 -0.2710105043415921 0
 -0.2710105043415921 0
 -0.2710105043415921 0
 -0.2710105043415921 0
 -0.2710105043415921 0
 -0.2710105043415921 0
 -0.2710105043415921 0
 -0.2710105043415921 0
 -0.2710105043415921 0
 -0.2710105043415921 0
 -0.2710105043415921 0
 -0.2710105043415921 0
 -0.2710105043415921 0
 -0.2710105043415921 0
 -0.2710105043415921 0
 -0.2710105043415921 0
 -0.2710105043415921 0
 -0.2710105043415921 0
 -0.2710105043415921 0
 -0.2710105043415921 0
 -0.2710105043415921 0
 -0.2710105043415921 0
 -0.2710105043415921 0
 -0.2710105043415921 0
 -0.2710105043415921 0
 -0.2710105043415921 0
 -0.2710105043415921 0
 -0.2710105043415921 0
 -0.2710105043415921 0
 -0.2710105043415921 0
 -0.2710105043415921 0
 -0.2710105043415921 0
 -0.2710105043415921 0
 -0.2710105043415921 0
 -0.2710105043415921 0
 -0.2710105043415921 0
 -0.2710105043415921 0
 -0.2710105043415921 0
 -0.2710105043415921 0
 -0.2710105043415921 0
 -0.2710105043415921 0
 -0.2710105043415921 0
 -0.2710105043415921 0
 -0.2710105043415921 0
 -0.2710105043415921 0
 -0.2710105043415921 0
 -0.2710105043415921 0
 -0.2710105043415921 0
 -0.2710105043415921 0
 -0.2710105043415921 0
 -0.2710105043415921 0
 -0.2710105043415921 0
 -0.2710105043415921 0
 -0.2710105043415921 0
 -0.2710105043415921 0
 -0.2710105043415921 0
 -0.2710105043415921 0
 -0.2710105043415921 0
 -0.2710105043415921 0
 -0.2710105043415921 0
 -0.2710105043415921 0
 -0.2710105043415921 0
 -0.2710105043415921 0
 -0.2710105043415921 0
 -0.2710105043415921 0
 -0.2710105043415921 0
 -0.2710105043415921 0
 -0.2710105043415921 0
 -0.2710105043415921 0
 -0.2710105043415921 0
 -0.2710105043415921 0
 -0.2710105043415921 0
 -0.2710105043415921 0
 -0.2710105043415921 0
 -0.2710105043415921 0
 -0.2710105043415921 0
 -0.2710105043415921 0
 -0.2710105043415921 0
 -0.2710105043415921 0
 -0.2710105043415921 0
 -0.2710105043415921 0
 -0.2710105043415921 0
 -0.2710105043415921 0
 -0.2710105043415921 0
 -0.2710105043415921 0
 -0.2710105043415921 0
 -0.2710105043415921 0
 -0.2710105043415921 0
 -0.2710105043415921 0
 -0.2710105043415921 0
 -0.2710105043415921 0
 -0.2710105043415921 0
 -0.2710105043415921 0
 -0.2710105043415921 0
 -0.2710105043415921 0
 -0.2710105043415921 0
 -0.2710105043415921 0
 -0.2710105043415921 0
 -0.2710105043415921 0
 -0.2710105043415921 0
 -0.2710105043415921 0
 -0.2710105043415921 0
 -0.2710105043415921 0
 -0.2710105043415921 0
 -0.2710105043415921 0
 -0.2710105043415921 0
 -0.2710105043415921 0
 -0.2710105043415921 0
 -0.2710105043415921 0
 -0.2710105043415921 0
 -0.2710105043415921 0
 -0.2710105043415921 0
 -0.2710105043415921 0
 -0.2710105043415921 0
 -0.2710105043415921 0
 -0.2710105043415921 0
 -0.2710105043415921 0
 -0.2710105043415921 0
 -0.2710105043415921 0
 -0.2710105043415921 0
 -0.2710105043415921 0
 -0.2710105043415921 0
 -0.2710105043415921 0
 -0.2710105043415921 0
 -0.2710105043415921 0
 -0.2710105043415921 0
 -0.2710105043415921 0
 -0.2710105043415921 0
 -0.2710105043415921 0
 -0.2710105043415921 0
 -0.2710105043415921 0
 -0.2710105043415921 0
 -0.2710105043415921 0
 -0.2710105043415921 0
 -0.2710105043415921 0
 -0.2710105043415921 0
 -0.2710105043415921 0
 -0.2710105043415921 0
 -0.2710105043415921 0
 -0.2710105043415921 0
 -0.2710105043415921 0
 -0.2710105043415921 0
 -0.2710105043415921 0
 -0.2710105043415921 0
 -0.2710105043415921 0
 -0.2710105043415921 0
 -0.2710105043415921 0
 -0.2710105043415921 0
 -0.2710105043415921 0
 -0.2710105043415921 0
 -0.2710105043415921 0
 -0.2710105043415921 0
 -0.2710105043415921 0
 -0.2710105043415921 0
 -0.2710105043415921 0
 -0.2710105043415921 0
 -0.2710105043415921 0
 -0.2710105043415921 0
 -0.2710105043415921 0
 -0.2710105043415921 0
 -0.2710105043415921 0
 -0.2710105043415921 0
 -0.2710105043415921 0
 -0.2710105043415921 0
 -0.2710105043415921 0
 -0.2710105043415921 0
 -0.2710105043415921 0
 -0.2710105043415921 0
 -0.2710105043415921 0
 -0.2710105043415921 0
 -0.2710105043415921 0
 -0.2710105043415921 0
 -0.2710105043415921 0
 -0.2710105043415921 0
 -0.2710105043415921 0
 -0.2710105043415921 0
 -0.2710105043415921 0
 -0.2710105043415921 0
 -0.2710105043415921 0
 -0.2710105043415921 0
 -0.2710105043415921 0
 -0.2710105043415921 0
 -0.2710105043415921 0
 -0.2710105043415921 0
 -0.2710105043415921 0
 -0.2710105043415921 0
 -0.2710105043415921 0
 -0.2710105043415921 0
 -0.2710105043415921 0
 -0.2710105043415921 0
 -0.2710105043415921 0
 -0.2710105043415921 0
 -0.2710105043415921 0
 -0.2710105043415921 0
 -0.2710105043415921 0
 -0.2710105043415921 0
 -0.2710105043415921 0
 -0.2710105043415921 0
 -0.2710105043415921 0
 -0.2710105043415921 0
 -0.2710105043415921 0
 -0.2710105043415921 0
 -0.2710105043415921 0
 -0.2710105043415921 0
 -0.2710105043415921 0
 -0.2710105043415921 0
 -0.2710105043415921 0
 -0.2710105043415921 0
 -0.2710105043415921 0
 -0.2710105043415921 0
 -0.2710105043415921 0
 -0.2710105043415921 0
 -0.2710105043415921 0
 -0.2710105043415921 0
 -0.2710105043415921 0
 -0.2710105043415921 0
 -0.2710105043415921 0
 -0.2710105043415921 0
 -0.2710105043415921 0
 -0.2710105043415921 0
 -0.2710105043415921 0
 -0.2710105043415921 0
 -0.2710105043415921 0
 -0.2710105043415921 0
 -0.2710105043415921 0
 -0.2710105043415921 0
 -0.2710105043415921 0
 -0.2710105043415921 0
 -0.2710105043415921 0
 -0.2710105043415921 0
 -0.2710105043415921 0
 -0.2710105043415921 0
 -0.2710105043415921 0
 -0.2710105043415921 0
 -0.2710105043415921 0
 -0.2710105043415921 0
 -0.2710105043415921 0
 -0.2710105043415921 0
 -0.2710105043415921 0
 -0.2710105043415921 0
 -0.2710105043415921 0
 -0.2710105043415921 0
 -0.2710105043415921 0
 -0.2710105043415921 0
 -0.27101050411095373 0
 -0.27101050411095373 0
 -0.27101050411095373 0
 -0.27101050411095373 0
 -0.27101050411095373 0
 -0.27101050411095373 0
 -0.27101050411095373 0
 -0.27101050411095373 0
 -0.27101050411095373 0
 -0.27101050411095373 0
 -0.27101050411095373 0
 -0.27101050411095373 0
 -0.27101050411095373 0
 -0.27101050411095373 0
 -0.27101050411095373 0
 -0.27101050411095373 0
 -0.27101050411095373 0
 -0.27101050410929967 0
 -0.27101050410929967 0
 -0.27101050410929967 0
 -0.27101050410929967 0
 -0.27101050410929967 0
 -0.27101050410929967 0
 -0.27101050410929967 0
 -0.27101050410929967 0
 -0.27101050410929967 0
 -0.27101050410929967 0
 -0.27101050410929967 0
 -0.27101050410929967 0
 -0.27101050410929967 0
 -0.27101050410929967 0
 -0.27101050410929967 0
 -0.27101050410929967 0
 -0.27101050410929967 0
 -0.27101050410929967 0
 -0.27101050410929967 0
 -0.27101050410929967 0
 -0.27101050410929967 0
 -0.27101050410929967 0
 -0.27101050410929967 0
 -0.27101050410929967 0
 -0.27101050410929967 0
 -0.2710105040830055 0
 -0.2710105040830055 0
 -0.2710105040830055 0
 -0.2710105040830055 0
 -0.2710105040830055 0
 -0.2710105040830055 0
 -0.2710105040830055 0
 -0.2710105040830055 0
 -0.2710105040830055 0
 -0.2710105040830055 0
 -0.2710105040830055 0
 -0.27101050408251737 0
 -0.27101050408251737 0
 -0.27101050408251737 0
 -0.27101050408251737 0
 -0.27101050408251737 0
 -0.27101050408251737 0
 -0.27101050408251737 0
 -0.27101050408251737 0
 -0.27101050408251737 0
 -0.27101050408251737 0
 -0.27101050408251737 0
 -0.27101050408251737 0
 -0.27101050408251737 0
 -0.27101050408251737 0
 -0.27101050408251737 0
 -0.27101050408251737 0
 -0.27101050408251737 0
 -0.27101050408251737 0
 -0.27101050408251737 0
 -0.27101050408251737 0
 -0.27101050408251737 0
 -0.27101050408251737 0
 -0.27101050408251737 0
 -0.27101050408251737 0
 -0.27101050408251737 0
 -0.27101050408251737 0
 -0.27101050408251737 0
 -0.27101050408251737 0
 -0.27101050408251737 0
 -0.27101050408251737 0
 -0.27101050408251737 0
 -0.27101050408251737 0
 -0.27101050408251737 0
 -0.27101050408251737 0
 -0.27101050408251737 0
 -0.27101050408251737 0
 -0.2710105040786207 0
 -0.2710105040786207 0
 -0.2710105040786207 0
 -0.2710105040786207 0
 -0.2710105040786207 0
 -0.2710105040786207 0
 -0.2710105040786207 0
 -0.2710105040786207 0
 -0.2710105040786207 0
 -0.2710105040786207 0
 -0.2710105040786207 0
 -0.2710105040786207 0
 -0.2710105040786207 0
 -0.2710105040786207 0
 -0.2710105040786207 0
 -0.2710105040786207 0
 -0.2710105040786207 0
 -0.2710105040786207 0
 -0.2710105040786207 0
 -0.2710105040786207 0
 -0.2710105040786207 0
 -0.2710105040786207 0
 -0.2710105040786207 0
 -0.2710105040786207 0
 -0.2710105040786207 0
 -0.2710105040786207 0
 -0.2710105040786207 0
 -0.2710105040777971 0
 -0.2710105040777971 0
 -0.2710105040777971 0
 -0.2710105040777971 0
 -0.2710105040777971 0
 -0.2710105040777971 0
 -0.2710105040777971 0
 -0.2710105040777971 0
 -0.2710105040777971 0
 -0.2710105040777971 0
 -0.2710105040777971 0
 -0.2710105040777971 0
 -0.2710105040777971 0
 -0.2710105040777971 0
 -0.2710105040777971 0
 -0.2710105040777971 0
 -0.2710105040777971 0
 -0.2710105040777971 0
 -0.2710105040777971 0
 -0.2710105040777971 0
 -0.2710105040777971 0
 -0.2710105040777971 0
 -0.2710105040777971 0
 -0.2710105040777971 0
 -0.2710105040777971 0
 -0.2710105040777971 0
 -0.2710105040777971 0
 -0.2710105040777971 0
 -0.2710105040777971 0
 -0.2710105040777971 0
 -0.2710105040777971 0
 -0.2710105040777971 0
 -0.2710105040777971 0
 -0.2710105040777971 0
 -0.2710105040777971 0
 -0.2710105040777971 0
 -0.2710105040777971 0
 -0.2710105040777971 0
 -0.2710105040777971 0
 -0.27101050406183924 0
 -0.27101050406183924 0
 -0.27101050406183924 0
 -0.27101050406183924 0
 -0.27101050406183924 0
 -0.27101050406183924 0
 -0.27101050406183924 0
 -0.27101050406183924 0
 -0.27101050406183924 0
 -0.27101050406183924 0
 -0.27101050406183924 0
 -0.27101050406183924 0
 -0.27101050406183924 0
 -0.27101050406183924 0
 -0.27101050406183924 0
 -0.27101050406183924 0
 -0.27101050406183924 0
 -0.27101050406183924 0
 -0.27101050406183924 0
 -0.27101050406183924 0
 -0.27101050406183924 0
 -0.27101050406183924 0
 -0.27101050406183924 0
 -0.27101050406183924 0
 -0.27101050406183924 0
 -0.27101050406183924 0
 -0.27101050406183924 0
 -0.27101050406147814 0
 -0.27101050406147814 0
 -0.27101050406147814 0
 -0.27101050406147814 0
 -0.27101050406147814 0
 -0.27101050406147814 0
 -0.27101050406147814 0
 -0.27101050405652405 0
 -0.27101050405652405 0
 -0.27101050405652405 0
 -0.27101050405652405 0
 -0.27101050405652405 0
 -0.27101050405652405 0
 -0.27101050405652405 0
 -0.27101050405652405 0
 -0.27101050405652405 0
 -0.27101050405652405 0
 -0.27101050405652405 0
 -0.27101050405652405 0
 -0.27101050405652405 0
 -0.27101050405652405 0
 -0.27101050405652405 0
 -0.27101050405652405 0
 -0.27101050405652405 0
 -0.27101050405652405 0
 -0.27101050405652405 0
 -0.27101050405588345 0
 -0.27101050405588345 0
 -0.27101050405588345 0
 -0.27101050405588345 0
 -0.27101050405588345 0
 -0.27101048519862336 0
 -0.27101048519862336 0
 -0.27101048519862336 0
 -0.2768078363398711 1
 -0.2768078363398711 1
 -0.2768078363398711 1
 -0.2768078363398711 1
 -0.2768078363398711 1
 -0.2768078363398711 1
 -0.2768078363398711 1
 -0.2768078363398711 1
 -0.2768078363398711 1
 -0.2768078363398711 1
 -0.2768078363398711 1
 -0.2768078363398711 1
 -0.2768078363398711 1
 -0.2768078363398711 1
 -0.2768078363398711 1
 -0.2768078363398711 1
 -0.2768078363398711 1
 -0.2768078363398711 1
 -0.2768078363398711 1
 -0.2768078363398711 1
 -0.2768078363398711 1
 -0.2768078363398711 1
 -0.2768078363398711 1
 -0.2768078363398711 1
 -0.2768078363398711 1
 -0.2768078363398711 1
 -0.2768078363398711 1
 -0.2768078363398711 1
 -0.2768078363398711 1
 -0.2768078363398711 1
 -0.2768078363398711 1
 -0.2768078363398711 1
 -0.2768078363398711 1
 -0.2768078363398711 1
 -0.2768078363398711 1
 -0.2768078363398711 1
 -0.2768078363398711 1
 -0.2768078363398711 1
 -0.2768078363398711 1
 -0.2768078363398711 1
 -0.2768078363398711 1
 -0.2768078363398711 1
 -0.2768078363398711 1
 -0.2768078363398711 1
 -0.2768078363398711 1
 -0.2768078363398711 1
 -0.2768078363398711 1
 -0.2768078363398711 1
 -0.2768078363398711 1
 -0.2768078363398711 1
 -0.2768078363398711 1
 -0.2768078363398711 1
 -0.2768078363398711 1
 -0.2768078363398711 1
 -0.2768078363398711 1
 -0.2768078363398711 1
 -0.2768078363398711 1
 -0.2768078363398711 1
 -0.2768078363398711 1
 -0.2768078363398711 1
 -0.2768078363398711 1
 -0.2768078363398711 1
 -0.2768078363398711 1
 -0.2768078363398711 1
 -0.2768078363398711 1
 -0.2768078363398711 1
 -0.2768078363398711 1
 -0.2768078363398711 1
 -0.2768078363398711 1
 -0.2768078363398711 1
 -0.2768078363398711 1
 -0.2768078363398711 1
 -0.2768078363398711 1
 -0.2768078363398711 1
 -0.2768078363398711 1
 -0.2768078363398711 1
 -0.2768078363398711 1
 -0.2768078363398711 1
 -0.2768078363398711 1
 -0.2768078363398711 1
 -0.2768078363398711 1
 -0.2768078363398711 1
 -0.2768078363398711 1
 -0.2768078363398711 1
 -0.2768078363398711 1
 -0.2768078363398711 1
 -0.2768078363398711 1
 -0.2768078363398711 1
 -0.2768078363398711 1
 -0.2768078363398711 1
 -0.2768078363398711 1
 -0.2768078363398711 1
 -0.2768078363398711 1
 -0.2768078363398711 1
 -0.2768078363398711 1
 -0.2768078363398711 1
 -0.2768078363398711 1
 -0.2768078363398711 1
 -0.2768078363398711 1
 -0.2768078363398711 1
 -0.2768078363398711 1
 -0.2768078363398711 1
 -0.2768078363398711 1
 -0.2768078363398711 1
 -0.2768078363398711 1
 -0.2768078363398711 1
 -0.2768078363398711 1
 -0.2768078363398711 1
 -0.2768078363398711 1
 -0.2768078363398711 1
 -0.2768078363398711 1
 -0.2768078363398711 1
 -0.2768078363398711 1
 -0.2768078363398711 1
 -0.2768078363398711 1
 -0.2768078363398711 1
 -0.2768078363398711 1
 -0.2768078363398711 1
 -0.2768078363398711 1
 -0.2768078363398711 1
 -0.2768078363398711 1
 -0.2768078363398711 1
 -0.2768078363398711 1
 -0.2768078363398711 1
 -0.2768078363398711 1
 -0.2768078363398711 1
 -0.2768078363398711 1
 -0.2768078363398711 1
 -0.2768078363398711 1
 -0.2768078363398711 1
 -0.2768078363398711 1
 -0.2768078363398711 1
 -0.2768078363398711 1
 -0.2768078363398711 1
 -0.2768078363398711 1
 -0.2768078363398711 1
 -0.2768078363398711 1
 -0.2768078363398711 1
 -0.2768078363398711 1
 -0.2768078363398711 1
 -0.2768078363398711 1
 -0.2768078363398711 1
 -0.2768078363398711 1
 -0.2768078363398711 1
 -0.2768078363398711 1
 -0.2768078363398711 1
 -0.2768078363398711 1
 -0.2768078363398711 1
 -0.2768078363398711 1
 -0.2768078363398711 1
 -0.2768078363398711 1
 -0.2768078363398711 1
 -0.2768078363398711 1
 -0.2768078363398711 1
 -0.2768078363398711 1
 -0.2768078363398711 1
 -0.2768078363398711 1
 -0.2768078363398711 1
 -0.2768078363398711 1
 -0.2768078363398711 1
 -0.2768078363398711 1
 -0.2768078363398711 1
 -0.2768078363398711 1
 -0.2768078363398711 1
 -0.2768078363398711 1
 -0.2768078363398711 1
 -0.2768078363398711 1
 -0.2768078363398711 1
 -0.2768078363398711 1
 -0.2768078363398711 1
 -0.2768078363398711 1
 -0.2768078363398711 1
 -0.2768078363398711 1
 -0.2768078363398711 1
 -0.2768078363398711 1
 -0.2768078363398711 1
 -0.2768078363398711 1
 -0.2768078363398711 1
 -0.2768078363398711 1
 -0.2768078363398711 1
 -0.2768078363398711 1
 -0.2768078363398711 1
 -0.2768078363398711 1
 -0.2768078363398711 1
 -0.2768078363398711 1
 -0.2768078363398711 1
 -0.2768078363398711 1
 -0.2768078363398711 1
 -0.2768078363398711 1
 -0.2768078363398711 1
 -0.2768078363398711 1
 -0.2768078363398711 1
 -0.2768078363398711 1
 -0.2768078363398711 1
 -0.2768078363398711 1
 -0.2768078363398711 1
 -0.2768078363398711 1
 -0.2768078363398711 1
 -0.2768078363398711 1
 -0.2768078363398711 1
 -0.2768078363398711 1
 -0.2768078363398711 1
 -0.2768078363398711 1
 -0.2768078363398711 1
 -0.2768078363398711 1
 -0.2768078363398711 1
 -0.2768078363398711 1
 -0.2768078363398711 1
 -0.2768078363398711 1
 -0.2768078363398711 1
 -0.2768078363398711 1
 -0.2768078363398711 1
 -0.2768078363398711 1
 -0.2768078363398711 1
 -0.2768078363398711 1
 -0.2768078363398711 1
 -0.2768078363398711 1
 -0.2768078363398711 1
 -0.2768078363398711 1
 -0.2768078363398711 1
 -0.2768078363398711 1
 -0.2768078363398711 1
 -0.2768078363398711 1
 -0.2768078363398711 1
 -0.2768078363398711 1
 -0.2768078363398711 1
 -0.2768078363398711 1
 -0.2768078363398711 1
 -0.2768078363398711 1
 -0.2768078363398711 1
 -0.2768078363398711 1
 -0.2768078363398711 1
 -0.2768078363398711 1
 -0.2768078363398711 1
 -0.2768078363398711 1
 -0.2768078363398711 1
 -0.2768078363398711 1
 -0.2768078363398711 1
 -0.2768078363398711 1
 -0.2768078363398711 1
 -0.2768078363398711 1
 -0.2768078363398711 1
 -0.2768078363398711 1
 -0.2768078363398711 1
 -0.2768078363398711 1
 -0.2768078363398711 1
 -0.2768078363398711 1
 -0.2768078363398711 1
 -0.2768078363398711 1
 -0.2768078363398711 1
 -0.2768078363398711 1
 -0.2768078363398711 1
 -0.2768078363398711 1
 -0.2768078363398711 1
 -0.2768078363398711 1
 -0.2768078363398711 1
 -0.2768078363398711 1
 -0.2768078363398711 1
 -0.2768078363398711 1
 -0.2768078363398711 1
 -0.2768078363398711 1
 -0.2768078363398711 1
 -0.2768078363398711 1
 -0.2768078363398711 1
 -0.2768078363398711 1
 -0.2768078363398711 1
 -0.2768078363398711 1
 -0.2768078363398711 1
 -0.2768078363398711 1
 -0.2768078363398711 1
 -0.2768078363398711 1
 -0.2768078363398711 1
 -0.2768078363398711 1
 -0.2768078363398711 1
 -0.2768078363398711 1
 -0.2768078363398711 1
 -0.2768078363398711 1
 -0.2768078363398711 1
 -0.2768078363398711 1
 -0.2768078363398711 1
 -0.2768078363398711 1
 -0.2768078363398711 1
 -0.2768078363398711 1
 -0.2768078363398711 1
 -0.2768078363398711 1
 -0.2768078363398711 1
 -0.2768078363398711 1
 -0.2768078363398711 1
 -0.2768078363398711 1
 -0.2768078363398711 1
 -0.2768078363398711 1
 -0.2768078363398711 1
 -0.2768078363398711 1
 -0.2768078363398711 1
 -0.2768078363398711 1
 -0.2768078363398711 1
 -0.2768078363398711 1
 -0.2768078363398711 1
 -0.2768078363398711 1
 -0.2768078363398711 1
 -0.2768078363398711 1
 -0.2768078363398711 1
 -0.2768078363398711 1
 -0.2768078363398711 1
 -0.2768078363398711 1
 -0.2768078363398711 1
 -0.2768078363398711 1
 -0.2768078363398711 1
 -0.2768078363398711 1
 -0.2768078363398711 1
 -0.2768078363398711 1
 -0.2768078363398711 1
 -0.2768078363398711 1
 -0.2768078363398711 1
 -0.2768078363398711 1
 -0.2768078363398711 1
 -0.2768078363398711 1
 -0.2768078363398711 1
 -0.2768078363398711 1
 -0.2768078363398711 1
 -0.2768078363398711 1
 -0.2768078363398711 1
 -0.2768078363398711 1
 -0.2768078363398711 1
 -0.2768078363398711 1
 -0.2768078363398711 1
 -0.2768078363398711 1
 -0.2768078363398711 1
 -0.2768078363398711 1
 -0.2768078363398711 1
 -0.2768078363398711 1
 -0.2768078363398711 1
 -0.2768078363398711 1
 -0.2768078363398711 1
 -0.2768078363398711 1
 -0.2768078363398711 1
 -0.2768078363398711 1
 -0.2768078363398711 1
 -0.2768078363398711 1
 -0.2768078363398711 1
 -0.2768078363398711 1
 -0.2768078363398711 1
 -0.2768078363398711 1
 -0.2768078363398711 1
 -0.2768078363398711 1
 -0.2768078363398711 1
 -0.2768078363398711 1
 -0.2768078363398711 1
 -0.2768078363398711 1
 -0.2768078363398711 1
 -0.2768078363398711 1
 -0.2768078363398711 1
 -0.2768078363398711 1
 -0.2768078363398711 1
 -0.2768078363398711 1
 -0.2768078363398711 1
 -0.2768078363398711 1
 -0.2768078363398711 1
 -0.2768078363398711 1
 -0.2768078363398711 1
 -0.2768078363398711 1
 -0.2768078363398711 1
 -0.2768078363398711 1
 -0.2768078363398711 1
 -0.2768078363398711 1
 -0.2768078363398711 1
 -0.2768078363398711 1
 -0.2768078363398711 1
 -0.2768078363398711 1
 -0.2768078363398711 1
 -0.2768078363398711 1
 -0.2768078363398711 1
 -0.2768078363398711 1
 -0.2768078363398711 1
 -0.2768078363398711 1
 -0.2768078363398711 1
 -0.2768078363398711 1
 -0.2768078363398711 1
 -0.2768078363398711 1
 -0.2768078363398711 1
 -0.2768078363398711 1
 -0.2768078363398711 1
 -0.2768078363398711 1
 -0.2768078363398711 1
 -0.2768078363398711 1
 -0.2768078363398711 1
 -0.2768078363398711 1
 -0.2768078363398711 1
 -0.2768078363398711 1
 -0.2768078363398711 1
 -0.2768078363398711 1
 -0.2768078363398711 1
 -0.2768078363398711 1
 -0.2768078363398711 1
 -0.2768078363398711 1
 -0.2768078363398711 1
 -0.2768078363398711 1
 -0.2768078363398711 1
 -0.2768078363398711 1
 -0.2768078363398711 1
 -0.2768078363398711 1
 -0.2768078363398711 1
 -0.2768078363398711 1
 -0.2768078363398711 1
 -0.2768078363398711 1
 -0.2768078363398711 1
 -0.2768078363398711 1
 -0.2768078363398711 1
 -0.2768078363398711 1
 -0.2768078363398711 1
 -0.2768078363398711 1
 -0.2768078363398711 1
 -0.2768078363398711 1
 -0.2768078363398711 1
 -0.2768078363398711 1
 -0.2768078363398711 1
 -0.2768078363398711 1
 -0.2768078363398711 1
 -0.2768078363398711 1
 -0.2768078363398711 1
 -0.2768078363398711 1
 -0.2768078363398711 1
 -0.2768078363398711 1
 -0.2768078363398711 1
 -0.2768078363398711 1
 -0.2768078363398711 1
 -0.2768078363398711 1
 -0.2768078363398711 1
 -0.2768078363398711 1
 -0.2768078363398711 1
 -0.2768078363398711 1
 -0.2768078363398711 1
 -0.2768078363398711 1
 -0.2768078363398711 1
 -0.2768078363398711 1
 -0.2768078363398711 1
 -0.2768078363398711 1
 -0.2768078363398711 1
 -0.2768078363398711 1
 -0.2768078363398711 1
 -0.2768078363398711 1
 -0.2768078363398711 1
 -0.2768078363398711 1
 -0.2768078363398711 1
 -0.2768078363398711 1
 -0.2768078363398711 1
 -0.2768078363398711 1
 -0.2768078363398711 1
 -0.2768078363398711 1
 -0.2768078363398711 1
 -0.2768078363398711 1
 -0.2768078363398711 1
 -0.2768078363398711 1
 -0.2768078363398711 1
 -0.2768078363398711 1
 -0.2768078363398711 1
 -0.2768078363398711 1
 -0.2768078363398711 1
 -0.2768078363398711 1
 -0.2768078363398711 1
 -0.2768078363398711 1
 -0.2768078363398711 1
 -0.2768078363398711 1
 -0.2768078363398711 1
 -0.2768078363398711 1
 -0.2768078363398711 1
 -0.2768078363398711 1
 -0.2768078363398711 1
 -0.2768078363398711 1
 -0.2768078363398711 1
 -0.2768078363398711 1
 -0.2768078363398711 1
 -0.2768078363398711 1
 -0.2768078363398711 1
 -0.2768078363398711 1
 -0.2768078363398711 1
 -0.2768078363398711 1
 -0.2768078363398711 1
 -0.2768078363398711 1
 -0.2768078363398711 1
 -0.2768078363398711 1
 -0.2768078363398711 1
 -0.2768078363398711 1
 -0.2768078363398711 1
 -0.2768078363398711 1
 -0.2768078363398711 1
 -0.2768078363398711 1
 -0.2768078363398711 1
 -0.2768078363398711 1
 -0.2768078363398711 1
 -0.2768078363398711 1
 -0.2768078363398711 1
 -0.2768078363398711 1
 -0.2768078363398711 1
 -0.2768078363398711 1
 -0.2768078363398711 1
 -0.2768078363398711 1
 -0.2768078363398711 1
 -0.2768078363398711 1
 -0.2768078363398711 1
 -0.2768078363398711 1
 -0.2768078363398711 1
 -0.2768078363398711 1
 -0.2768078363398711 1
 -0.2768078363398711 1
 -0.2768078363398711 1
 -0.2768078363398711 1
 -0.2768078363398711 1
 -0.2768078363398711 1
 -0.2768078363398711 1
 -0.2768078363398711 1
 -0.2768078363398711 1
 -0.2768078363398711 1
 -0.2768078363398711 1
 -0.2768078363398711 1
 -0.2768078363398711 1
 -0.2768078363398711 1
 -0.2768078363398711 1
 -0.2768078363398711 1
 -0.2768078363398711 1
 -0.2768078363398711 1
 -0.2768078363398711 1
 -0.2768078363398711 1
 -0.2768078363398711 1
 -0.2768078363398711 1
 -0.2768078363398711 1
 -0.2768078363398711 1
 -0.2768078363398711 1
 -0.2768078363398711 1
 -0.2768078363398711 1
 -0.2768078363398711 1
 -0.2768078363398711 1
 -0.2768078363398711 1
 -0.2768078363398711 1
 -0.2768078363398711 1
 -0.2768078363398711 1
 -0.2768078363398711 1
 -0.2768078363398711 1
 -0.2768078363398711 1
 -0.2768078363398711 1
 -0.2768078363398711 1
 -0.2768078363398711 1
 -0.2768078363398711 1
 -0.2768078363398711 1
 -0.2768078363398711 1
 -0.2768078363398711 1
 -0.2768078363398711 1
 -0.2768078363398711 1
 -0.2768078363398711 1
 -0.2768078363398711 1
 -0.2768078363398711 1
 -0.2768078363398711 1
 -0.2768078363398711 1
 -0.2768078363398711 1
 -0.2768078363398711 1
 -0.2768078363398711 1
 -0.2768078363398711 1
 -0.2768078363398711 1
 -0.2768078363398711 1
 -0.2768078363398711 1
 -0.2768078363398711 1
 -0.2768078363398711 1
 -0.2768078363398711 1
 -0.2768078363398711 1
 -0.2768078363398711 1
 -0.2768078363398711 1
 -0.2768078363398711 1
 -0.2768078363398711 1
 -0.2768078363398711 1
 -0.2768078363398711 1
 -0.2768078363398711 1
 -0.2768078363398711 1
 -0.2768078363398711 1
 -0.2768078363398711 1
 -0.2768078363398711 1
 -0.2768078363398711 1
 -0.2768078363398711 1
 -0.2768078363398711 1
 -0.2768078363398711 1
 -0.2768078363398711 1
 -0.2768078363398711 1
 -0.2768078363398711 1
 -0.2768078363398711 1
 -0.2768078363398711 1
 -0.2768078363398711 1
 -0.2768078363398711 1
 -0.2768078363398711 1
 -0.2768078363398711 1
 -0.2768078363398711 1
 -0.2768078363398711 1
 -0.2768078363398711 1
 -0.2768078363398711 1
 -0.2768078363398711 1
 -0.2768078363398711 1
 -0.2768078363398711 1
 -0.2768078363398711 1
 -0.2768078363398711 1
 -0.2768078363398711 1
 -0.2768078363398711 1
 -0.2768078363398711 1
 -0.2768078363398711 1
 -0.2768078363398711 1
 -0.2768078363398711 1
 -0.2768078363398711 1
 -0.2768078363398711 1
 -0.2768078363398711 1
 -0.2768078363398711 1
 -0.2768078363398711 1
 -0.2768078363398711 1
 -0.2768078363398711 1
 -0.2768078363398711 1
 -0.2768078363398711 1
 -0.2768078363398711 1
 -0.2768078363398711 1
 -0.2768078363398711 1
 -0.2768078363398711 1
 -0.2768078363398711 1
 -0.2768078363398711 1
 -0.2768078363398711 1
 -0.2768078363398711 1
 -0.2768078363398711 1
 -0.2768078363398711 1
 -0.2768078363398711 1
 -0.2768078363398711 1
 -0.2768078363398711 1
 -0.2768078363398711 1
 -0.2768078363398711 1
 -0.2768078363398711 1
 -0.2768078363398711 1
 -0.2768078363398711 1
 -0.2768078363398711 1
 -0.2768078363398711 1
 -0.2768078363398711 1
 -0.2768078363398711 1
 -0.2768078363398711 1
 -0.2768078363398711 1
 -0.2768078363398711 1
 -0.2768078363398711 1
 -0.2768078363398711 1
 -0.2768078363398711 1
 -0.2768078363398711 1
 -0.2768078363398711 1
 -0.2768078363398711 1
 -0.2768078363398711 1
 -0.2768078363398711 1
 -0.2768078363398711 1
 -0.2768078363398711 1
 -0.2768078363398711 1
 -0.2768078363398711 1
 -0.2768078363398711 1
 -0.2768078363398711 1
 -0.2768078363398711 1
 -0.2768078363398711 1
 -0.2768078363398711 1
 -0.2768078363398711 1
 -0.2768078363398711 1
 -0.2768078363398711 1
 -0.2768078363398711 1
 -0.2768078363398711 1
 -0.2768078363398711 1
 -0.2768078363398711 1
 -0.2768078363398711 1
 -0.2768078363398711 1
 -0.2768078363398711 1
 -0.2768078363398711 1
 -0.2768078363398711 1
 -0.2768078363398711 1
 -0.2768078363398711 1
 -0.2768078363398711 1
 -0.2768078363398711 1
 -0.2768078363398711 1
 -0.2768078363398711 1
 -0.2768078363398711 1
 -0.2768078363398711 1
 -0.2768078363398711 1
 -0.2768078363398711 1
 -0.2768078363398711 1
 -0.2768078363398711 1
 -0.2768078363398711 1
 -0.2768078363398711 1
 -0.2768078363398711 1
 -0.2768078363398711 1
 -0.2768078363398711 1
 -0.2768078363398711 1
 -0.2768078363398711 1
 -0.2768078363398711 1
 -0.2768078363398711 1
 -0.2768078363398711 1
 -0.2768078363398711 1
 -0.2768078363398711 1
 -0.2768078363398711 1
 -0.2768078363398711 1
 -0.2768078363398711 1
 -0.2768078363398711 1
 -0.2768078363398711 1
 -0.2768078363398711 1
 -0.2768078363398711 1
 -0.2768078363398711 1
 -0.2768078363398711 1
 -0.2768078363398711 1
 -0.2768078363398711 1
 -0.2768078363398711 1
 -0.2768078363398711 1
 -0.2768078363398711 1
 -0.2768078363398711 1
 -0.2768078363398711 1
 -0.2768078363398711 1
 -0.2768078363398711 1
 -0.2768078363398711 1
 -0.2768078363398711 1
 -0.2768078363398711 1
 -0.2768078363398711 1
 -0.2768078363398711 1
 -0.2768078363398711 1
 -0.2768078363398711 1
 -0.2768078363398711 1
 -0.2768078363398711 1
 -0.2768078363398711 1
 -0.2768078363398711 1
 -0.2768078363398711 1
 -0.2768078363398711 1
 -0.2768078363398711 1
 -0.2768078363398711 1
 -0.2768078363398711 1
 -0.2768078363398711 1
 -0.2768078363398711 1
 -0.2768078363398711 1
 -0.2768078363398711 1
 -0.2768078363398711 1
 -0.2768078363398711 1
 -0.2768078363398711 1
 -0.2768078363398711 1
 -0.2768078363398711 1
 -0.2768078363398711 1
 -0.2768078363398711 1
 -0.2768078363398711 1
 -0.2768078363398711 1
 -0.2768078363398711 1
 -0.2768078363398711 1
 -0.2768078363398711 1
 -0.2768078363398711 1
 -0.2768078363398711 1
 -0.2768078363398711 1
 -0.2768078363398711 1
 -0.2768078363398711 1
 -0.2768078363398711 1
 -0.2768078363398711 1
 -0.2768078363398711 1
 -0.2768078363398711 1
 -0.2768078363398711 1
 -0.2768078363398711 1
 -0.2768078363398711 1
 -0.2768078363398711 1
 -0.2768078363398711 1
 -0.2768078363398711 1
 -0.2768078363398711 1
 -0.2768078363398711 1
 -0.2768078363398711 1
 -0.2768078363398711 1
 -0.2768078363398711 1
 -0.2768078363398711 1
 -0.2768078363398711 1
 -0.2768078363398711 1
 -0.2768078363398711 1
 -0.2768078363398711 1
 -0.2768078363398711 1
 -0.2768078363398711 1
 -0.2768078363398711 1
 -0.2768078363398711 1
 -0.2768078363398711 1
 -0.2768078363398711 1
 -0.2768078363398711 1
 -0.2768078363398711 1
 -0.2768078363398711 1
 -0.2768078363398711 1
 -0.2768078363398711 1
 -0.2768078363398711 1
 -0.2768078363398711 1
 -0.2768078363398711 1
 -0.2768078363398711 1
 -0.2768078363398711 1
 -0.2768078363398711 1
 -0.2768078363398711 1
 -0.2768078363398711 1
 -0.2768078363398711 1
 -0.2768078363398711 1
 -0.2768078363398711 1
 -0.2768078363398711 1
 -0.2768078363398711 1
 -0.2768078363398711 1
 -0.2768078363398711 1
 -0.2768078363398711 1
 -0.2768078363398711 1
 -0.2768078363398711 1
 -0.2768078363398711 1
 -0.2768078363398711 1
 -0.2768078363398711 1
 -0.2768078363398711 1
 -0.2768078363398711 1
 -0.2768078363398711 1
 -0.2768078363398711 1
 -0.2768078363398711 1
 -0.2768078363398711 1
 -0.2768078363398711 1
 -0.2768078363398711 1
 -0.2768078363398711 1
 -0.2768078363398711 1
 -0.2768078363398711 1
 -0.2768078363398711 1
 -0.2768078363398711 1
 -0.2768078363398711 1
 -0.2768078363398711 1
 -0.2768078363398711 1
 -0.2768078363398711 1
 -0.2768078363398711 1
 -0.2768078363398711 1
 -0.2768078363398711 1
 -0.2768078363398711 1
 -0.2768078363398711 1
 -0.2768078363398711 1
 -0.2768078363398711 1
 -0.2768078363398711 1
 -0.2768078363398711 1
 -0.2768078363398711 1
 -0.2768078363398711 1
 -0.2768078363398711 1
 -0.2768078363398711 1
 -0.2768078363398711 1
 -0.2768078363398711 1
 -0.2768078363398711 1
 -0.2768078363398711 1
 -0.2768078363398711 1
 -0.2768078363398711 1
 -0.2768078363398711 1
 -0.2768078363398711 1
 -0.2768078363398711 1
 -0.2768078363398711 1
 -0.2768078363398711 1
 -0.2768078363398711 1
 -0.2768078363398711 1
 -0.2768078363398711 1
 -0.2768078363398711 1
 -0.2768078363398711 1
 -0.2768078363398711 1
 -0.2768078363398711 1
 -0.2768078363398711 1
 -0.2768078363398711 1
 -0.2768078363398711 1
 -0.2768078363398711 1
 -0.2768078363398711 1
 -0.2768078363398711 1
 -0.2768078363398711 1
 -0.2768078363398711 1
 -0.2768078363398711 1
 -0.2768078363398711 1
 -0.2768078363398711 1
 -0.2768078363398711 1
 -0.2768078363398711 1
 -0.2768078363398711 1
 -0.2768078363398711 1
 -0.2768078363398711 1
 -0.2768078363398711 1
 -0.2768078363398711 1
 -0.2768078363398711 1
 -0.2768078363398711 1
 -0.2768078363398711 1
 -0.2768078363398711 1
 -0.2768078363398711 1
 -0.2768078363398711 1
 -0.2768078363398711 1
 -0.2768078363398711 1
 -0.2768078363398711 1
 -0.2768078363398711 1
 -0.2768078363398711 1
 -0.2768078363398711 1
 -0.2768078363398711 1
 -0.2768078363398711 1
 -0.2768078363398711 1
 -0.2768078363398711 1
 -0.2768078363398711 1
 -0.2768078363398711 1
 -0.2768078363398711 1
 -0.2768078363398711 1
 -0.2768078363398711 1
 -0.2768078363398711 1
 -0.2768078363398711 1
 -0.2768078363398711 1
 -0.2768078363398711 1
 -0.2768078363398711 1
 -0.2768078363398711 1
 -0.2768078363398711 1
 -0.2768078363398711 1
 -0.2768078363398711 1
 -0.2768078363398711 1
 -0.2768078363398711 1
 -0.2768078363398711 1
 -0.2768078363398711 1
 -0.2768078363398711 1
 -0.2768078363398711 1
 -0.2768078363398711 1
 -0.2768078363398711 1
 -0.2768078363398711 1
 -0.2768078363398711 1
 -0.2768078363398711 1
 -0.2768078363398711 1
 -0.2768078363398711 1
 -0.2768078363398711 1
 -0.2768078363398711 1
 -0.2768078363398711 1
 -0.2768078363398711 1
 -0.2768078363398711 1
 -0.2768078363398711 1
 -0.2768078363398711 1
 -0.2768078363398711 1
 -0.2768078363398711 1
 -0.2768078363398711 1
 -0.2768078363398711 1
 -0.2768078363398711 1
 -0.2768078363398711 1
 -0.2768078363398711 1
 -0.2768078363398711 1
 -0.2768078363398711 1
 -0.2768078363398711 1
 -0.2768078363398711 1
 -0.2768078363398711 1
 -0.2768078363398711 1
 -0.2768078363398711 1
 -0.2768078363398711 1
 -0.2768078363398711 1
 -0.2768078363398711 1
 -0.2768078363398711 1
 -0.2768078363398711 1
 -0.2768078363398711 1
 -0.2768078363398711 1
 -0.2768078363398711 1
 -0.2768078363398711 1
 -0.2768078363398711 1
 -0.2768078363398711 1
 -0.2768078363398711 1
 -0.2768078363398711 1
 -0.2768078363398711 1
 -0.2768078363398711 1
 -0.2768078363398711 1
 -0.2768078363398711 1
 -0.2768078363398711 1
 -0.2768078363398711 1
 -0.2768078363398711 1
 -0.2768078363398711 1
 -0.2768078363398711 1
 -0.2768078363398711 1
 -0.2768078363398711 1
 -0.2768078363398711 1
 -0.2768078363398711 1
 -0.2768078363398711 1
 -0.2768078363398711 1
 -0.2768078363398711 1
 -0.2768078363398711 1
 -0.2768078363398711 1
 -0.2768078363398711 1
 -0.2768078363398711 1
 -0.2768078363398711 1
 -0.2768078363398711 1
 -0.2768078363398711 1
 -0.2768078363398711 1
 -0.2768078363398711 1
 -0.2768078363398711 1
 -0.2768078363398711 1
 -0.2768078363398711 1
 -0.2768078363398711 1
 -0.2768078363398711 1
 -0.2768078363398711 1
 -0.2768078363398711 1
 -0.2768078363398711 1
 -0.2768078363398711 1
 -0.2768078363398711 1
 -0.2768078363398711 1
 -0.2768078363398711 1
 -0.2768078363398711 1
 -0.2768078363398711 1
 -0.2768078363398711 1
 -0.2768078363398711 1
 -0.2768078363398711 1
 -0.2768078363398711 1
 -0.2768078363398711 1
 -0.2768078363398711 1
 -0.2768078363398711 1
 -0.2768078363398711 1
 -0.2768078363398711 1
 -0.2768078363398711 1
 -0.2768078363398711 1
 -0.2768078363398711 1
 -0.2768078363398711 1
 -0.2768078363398711 1
 -0.2768078363398711 1
 -0.2768078363398711 1
 -0.2768078363398711 1
 -0.2768078363398711 1
 -0.2768078363398711 1
 -0.2768078363398711 1
 -0.2768078363398711 1
 -0.2768078363398711 1
 -0.2768078363398711 1
 -0.2768078363398711 1
 -0.2768078363398711 1
 -0.2768078363398711 1
 -0.2768078363398711 1
 -0.2768078363398711 1
 -0.2768078363398711 1
 -0.2768078363398711 1
 -0.2768078363398711 1
 -0.2768078363398711 1
 -0.2768078363398711 1
 -0.2768078363398711 1
 -0.2768078363398711 1
 -0.2768078363398711 1
 -0.2768078363398711 1
 -0.2768078363398711 1
 -0.2768078363398711 1
 -0.2768078363398711 1
 -0.2768078363398711 1
 -0.2768078363398711 1
 -0.2768078363398711 1
 -0.2768078363398711 1
 -0.2768078363398711 1
 -0.2768078363398711 1
 -0.2768078363398711 1
 -0.2768078363398711 1
 -0.2768078363398711 1
 -0.2768078363398711 1
 -0.2768078363398711 1
 -0.2768078363398711 1
 -0.2768078363398711 1
 -0.2768078363398711 1
 -0.2768078363398711 1
 -0.2768078363398711 1
 -0.2768078363398711 1
 -0.2768078363398711 1
 -0.2768078363398711 1
 -0.2768078363398711 1
 -0.2768078363398711 1
 -0.2768078363398711 1
 -0.2768078363398711 1
 -0.2768078363398711 1
 -0.2768078363398711 1
 -0.2768078363398711 1
 -0.2768078363398711 1
 -0.2768078363398711 1
 -0.2768078363398711 1
 -0.2768078363398711 1
 -0.2768078363398711 1
 -0.2768078363398711 1
 -0.2768078363398711 1
 -0.2768078363398711 1
 -0.2768078363398711 1
 -0.2768078363398711 1
 -0.2768078363398711 1
 -0.2768078363398711 1
 -0.2768078363398711 1
 -0.2768078363398711 1
 -0.2768078363398711 1
 -0.2768078363398711 1
 -0.2768078363398711 1
 -0.2768078363398711 1
 -0.2768078363398711 1
 -0.2768078363398711 1
 -0.2768078363398711 1
 -0.2768078363398711 1
 -0.2768078363398711 1
 -0.2768078363398711 1
 -0.2768078363398711 1
 -0.2768078363398711 1
 -0.2768078363398711 1
 -0.2768078363398711 1
 -0.2768078363398711 1
 -0.2768078363398711 1
 -0.2768078363398711 1
 -0.2768078363398711 1
 -0.2768078363398711 1
 -0.2768078363398711 1
 -0.2768078363398711 1
 -0.2768078363398711 1
 -0.2768078363398711 1
 -0.2768078363398711 1
 -0.2768078363398711 1
 -0.2768078363398711 1
 -0.2768078363398711 1
 -0.2768078363398711 1
 -0.2768078363398711 1
 -0.2768078363398711 1
 -0.2768078363398711 1
 -0.2768078363398711 1
 -0.2768078363398711 1
 -0.2768078363398711 1
 -0.2768078363398711 1
 -0.2768078363398711 1
 -0.2768078363398711 1
 -0.2768078363398711 1
 -0.2768078363398711 1
 -0.2768078363398711 1
 -0.2768078363398711 1
 -0.2768078363398711 1
 -0.2768078363398711 1
 -0.2768078363398711 1
 -0.2768078363398711 1
 -0.2768078363398711 1
 -0.2768078363398711 1
 -0.2768078363398711 1
 -0.2768078363398711 1
 -0.2768078363398711 1
 -0.2768078363398711 1
 -0.2768078363398711 1
 -0.2768078363398711 1
 -0.2768078363398711 1
 -0.2768078363398711 1
 -0.2768078363398711 1
 -0.2768078363398711 1
 -0.2768078363398711 1
 -0.2768078363398711 1
 -0.2768078363398711 1
 -0.2768078363398711 1
 -0.2768078363398711 1
 -0.2768078363398711 1
 -0.2768078363398711 1
 -0.2768078363398711 1
 -0.2768078363398711 1
 -0.2768078363398711 1
 -0.2768078363398711 1
 -0.2768078363398711 1
 -0.2768078363398711 1
 -0.2768078363398711 1
 -0.2768078363398711 1
 -0.2768078363398711 1
 -0.2768078363398711 1
 -0.2768078363398711 1
 -0.2768078363398711 1
 -0.2768078363398711 1
 -0.2768078363398711 1
 -0.2768078363398711 1
 -0.2768078363398711 1
 -0.2768078363398711 1
 -0.2768078363398711 1
 -0.2768078363398711 1
 -0.2768078363398711 1
 -0.2768078363398711 1
 -0.2768078363398711 1
 -0.2768078363398711 1
 -0.2768078363398711 1
 -0.2768078363398711 1
 -0.2768078363398711 1
 -0.2768078363398711 1
 -0.2768078363398711 1
 -0.2768078363398711 1
 -0.2768078363398711 1
 -0.2768078363398711 1
 -0.2768078363398711 1
 -0.2768078363398711 1
 -0.2768078363398711 1
 -0.2768078363398711 1
 -0.2768078363398711 1
 -0.2768078363398711 1
 -0.2768078363398711 1
 -0.2768078363398711 1
 -0.2768078363398711 1
 -0.2768078363398711 1
 -0.2768078363398711 1
 -0.2768078363398711 1
 -0.2768078363398711 1
 -0.2768078363398711 1
 -0.2768078363398711 1
 -0.2768078363398711 1
 -0.2768078363398711 1
 -0.2768078363398711 1
 -0.2768078363398711 1
 -0.2768078363398711 1
 -0.2768078363398711 1
 -0.2768078363398711 1
 -0.2768078363398711 1
 -0.2768078363398711 1
 -0.2768078363398711 1
 -0.2768078363398711 1
 -0.2768078363398711 1
 -0.2768078363398711 1
 -0.2768078363398711 1
 -0.2768078363398711 1
 -0.2768078363398711 1
 -0.2768078363398711 1
 -0.2768078363398711 1
 -0.2768078363398711 1
 -0.2768078363398711 1
 -0.2768078363398711 1
 -0.2768078363398711 1
 -0.2768078363398711 1
 -0.2768078363398711 1
 -0.2768078363398711 1
 -0.2768078363398711 1
 -0.2768078363398711 1
 -0.2768078363398711 1
 -0.2768078363398711 1
 -0.2768078363398711 1
 -0.2768078363398711 1
 -0.2768078363398711 1
 -0.2768078363398711 1
 -0.2768078363398711 1
 -0.2768078363398711 1
 -0.2768078363398711 1
 -0.2768078363398711 1
 -0.2768078363398711 1
 -0.2768078363398711 1
 -0.2768078363398711 1
 -0.2768078363398711 1
 -0.2768078363398711 1
 -0.2768078363398711 1
 -0.2768078363398711 1
 -0.2768078363398711 1
 -0.2768078363398711 1
 -0.2768078363398711 1
 -0.2768078363398711 1
 -0.2768078363398711 1
 -0.2768078363398711 1
 -0.2768078363398711 1
 -0.2768078363398711 1
 -0.2768078363398711 1
 -0.2768078363398711 1
 -0.2768078363398711 1
 -0.2768078363398711 1
 -0.2768078363398711 1
 -0.2768078363398711 1
 -0.2768078363398711 1
 -0.2768078363398711 1
 -0.2768078363398711 1
 -0.2768078363398711 1
 -0.2768078363398711 1
 -0.2768078363398711 1
 -0.2768078363398711 1
 -0.2768078363398711 1
 -0.2768078363398711 1
 -0.2768078363398711 1
 -0.2768078363398711 1
 -0.2768078363398711 1
 -0.2768078363398711 1
 -0.2768078363398711 1
 -0.2768078363398711 1
 -0.2768078363398711 1
 -0.2768078363398711 1
 -0.2768078363398711 1
 -0.2768078363398711 1
 -0.2768078363398711 1
 -0.2768078363398711 1
 -0.2768078363398711 1
 -0.2768078363398711 1
 -0.2768078363398711 1
 -0.2768078363398711 1
 -0.2768078363398711 1
 -0.2768078363398711 1
 -0.2768078363398711 1
 -0.2768078363398711 1
 -0.2768078363398711 1
 -0.2768078363398711 1
 -0.2768078363398711 1
 -0.2768078363398711 1
 -0.2768078363398711 1
 -0.2768078363398711 1
 -0.2768078363398711 1
 -0.2768078363398711 1
 -0.2768078363398711 1
 -0.2768078363398711 1
 -0.2768078363398711 1
 -0.2768078363398711 1
 -0.2768078363398711 1
 -0.2768078363398711 1
 -0.2768078363398711 1
 -0.2768078363398711 1
 -0.2768078363398711 1
 -0.2768078363398711 1
 -0.2768078363398711 1
 -0.2768078363398711 1
 -0.2768078363398711 1
 -0.2768078363398711 1
 -0.2768078363398711 1
 -0.2768078363398711 1
 -0.2768078363398711 1
 -0.2768078363398711 1
 -0.2768078363398711 1
 -0.2768078363398711 1
 -0.2768078363398711 1
 -0.2768078363398711 1
 -0.2768078363398711 1
 -0.2768078363398711 1
 -0.2768078363398711 1
 -0.2768078363398711 1
 -0.2768078363398711 1
 -0.2768078363398711 1
 -0.2768078363398711 1
 -0.2768078363398711 1
 -0.2768078363398711 1
 -0.2768078363398711 1
 -0.2768078363398711 1
 -0.2768078363398711 1
 -0.2768078363398711 1
 -0.2768078363398711 1
 -0.2768078363398711 1
 -0.2768078363398711 1
 -0.2768078363398711 1
 -0.2768078363398711 1
 -0.2768078363398711 1
 -0.2768078363398711 1
 -0.2768078363398711 1
 -0.2768078363398711 1
 -0.2768078363398711 1
 -0.2768078363398711 1
 -0.2768078363398711 1
 -0.2768078363398711 1
 -0.2768078363398711 1
 -0.2768078363398711 1
 -0.2768078363398711 1
 -0.2768078363398711 1
 -0.2768078363398711 1
 -0.2768078363398711 1
 -0.2768078363398711 1
 -0.2768078363398711 1
 -0.2768078363398711 1
 -0.2768078363398711 1
 -0.2768078363398711 1
 -0.2768078363398711 1
 -0.2768078363398711 1
 -0.2768078363398711 1
 -0.2768078363398711 1
 -0.2768078363398711 1
 -0.2768078363398711 1
 -0.2768078363398711 1
 -0.2768078363398711 1
 -0.2768078363398711 1
 -0.2768078363398711 1
 -0.2768078363398711 1
 -0.2768078363398711 1
 -0.2768078363398711 1
 -0.2768078363398711 1
 -0.2768078363398711 1
 -0.2768078363398711 1
 -0.2768078363398711 1
 -0.2768078363398711 1
 -0.2768078363398711 1
 -0.2768078363398711 1
 -0.2768078363398711 1
 -0.2768078363398711 1
 -0.2768078363398711 1
 -0.2768078363398711 1
 -0.2768078363398711 1
 -0.2768078363398711 1
 -0.2768078363398711 1
 -0.2768078363398711 1
 -0.2768078363398711 1
 -0.2768078363398711 1
 -0.2768078363398711 1
 -0.2768078363398711 1
 -0.2768078363398711 1
 -0.2768078363398711 1
 -0.2768078363398711 1
 -0.2768078363398711 1
 -0.2768078363398711 1
 -0.2768078363398711 1
 -0.2768078363398711 1
 -0.2768078363398711 1
 -0.2768078363398711 1
 -0.2768078363398711 1
 -0.2768078363398711 1
 -0.2768078363398711 1
 -0.2768078363398711 1
 -0.2768078363398711 1
 -0.2768078363398711 1
 -0.2768078363398711 1
 -0.2768078363398711 1
 -0.2768078363398711 1
 -0.2768078363398711 1
 -0.2768078363398711 1
 -0.2768078363398711 1
 -0.2768078363398711 1
 -0.2768078363398711 1
 -0.2768078363398711 1
 -0.2768078363398711 1
 -0.2768078363398711 1
 -0.2768078363398711 1
 -0.2768078363398711 1
 -0.2768078363398711 1
 -0.2768078363398711 1
 -0.2768078363398711 1
 -0.2768078363398711 1
 -0.2768078363398711 1
 -0.2768078363398711 1
 -0.2768078363398711 1
 -0.2768078363398711 1
 -0.2768078363398711 1
 -0.2768078363398711 1
 -0.2768078363398711 1
 -0.2768078363398711 1
 -0.2768078363398711 1
 -0.2768078363398711 1
 -0.2768078363398711 1
 -0.2768078363398711 1
 -0.2768078363398711 1
 -0.2768078363398711 1
 -0.2768078363398711 1
 -0.2768078363398711 1
 -0.2768078363398711 1
 -0.2768078363398711 1
 -0.2768078363398711 1
 -0.2768078363398711 1
 -0.2768078363398711 1
 -0.2768078363398711 1
 -0.2768078363398711 1
 -0.2768078363398711 1
 -0.2768078363398711 1
 -0.2768078363398711 1
 -0.2768078363398711 1
 -0.2768078363398711 1
 -0.2768078363398711 1
 -0.2768078363398711 1
 -0.2768078363398711 1
 -0.2768078363398711 1
 -0.2768078363398711 1
 -0.2768078363398711 1
 -0.2768078363398711 1
 -0.2768078363398711 1
 -0.2768078363398711 1
 -0.2768078363398711 1
 -0.2768078363398711 1
 -0.2768078363398711 1
 -0.2768078363398711 1
 -0.2768078363398711 1
 -0.2768078363398711 1
 -0.2768078363398711 1
 -0.2768078363398711 1
 -0.2768078363398711 1
 -0.2768078363398711 1
 -0.2768078363398711 1
 -0.2768078363398711 1
 -0.2768078363398711 1
 -0.2768078363398711 1
 -0.2768078363398711 1
 -0.2768078363398711 1
 -0.2768078363398711 1
 -0.2768078363398711 1
 -0.2768078363398711 1
 -0.2768078363398711 1
 -0.2768078363398711 1
 -0.2768078363398711 1
 -0.2768078363398711 1
 -0.2768078363398711 1
 -0.2768078363398711 1
 -0.2768078363398711 1
 -0.2768078363398711 1
 -0.2768078363398711 1
 -0.2768078363398711 1
 -0.2768078363398711 1
 -0.2768078363398711 1
 -0.2768078363398711 1
 -0.2768078363398711 1
 -0.2768078363398711 1
 -0.2768078363398711 1
 -0.2768078363398711 1
 -0.2768078363398711 1
 -0.2768078363398711 1
 -0.2768078363398711 1
 -0.2768078363398711 1
 -0.2768078363398711 1
 -0.2768078363398711 1
 -0.2768078363398711 1
 -0.2768078363398711 1
 -0.2768078363398711 1
 -0.2768078363398711 1
 -0.2768078363398711 1
 -0.2768078363398711 1
 -0.2768078363398711 1
 -0.2768078363398711 1
 -0.2768078363398711 1
 -0.2768078363398711 1
 -0.2768078363398711 1
 -0.2768078363398711 1
 -0.2768078363398711 1
 -0.2768078363398711 1
 -0.2768078363398711 1
 -0.2768078363398711 1
 -0.2768078363398711 1
 -0.2768078363398711 1
 -0.2768078363398711 1
 -0.2768078363398711 1
 -0.2768078363398711 1
 -0.2768078363398711 1
 -0.2768078363398711 1
 -0.2768078363398711 1
 -0.2768078363398711 1
 -0.2768078363398711 1
 -0.2768078363398711 1
 -0.2768078363398711 1
 -0.2768078363398711 1
 -0.2768078363398711 1
 -0.2768078363398711 1
 -0.2768078363398711 1
 -0.2768078363398711 1
 -0.2768078363398711 1
