3
 0.0 0.0 6.0 0
 0.0 0.37643325328826904 5.973371505737305 0
 0.0 0.8111491799354553 5.87533712387085 0
 0.0 1.2360678911209106 5.706339359283447 0
 0.0 1.8159620761871338 5.346039295196533 0
 0.0 2.300020933151245 4.90889835357666 0
 0.0 2.8284270763397217 4.242640495300293 0
 0.0 3.2725989818573 3.450031280517578 0
 0.0 3.564026117324829 2.7239432334899902 0
 0.0 3.8042261600494385 1.8541018962860107 0
 0.0 3.91689133644104 1.2167237997055054 0
 0.0 3.982247829437256 0.5646498799324036 0
 0.0 3.9995064735412598 0.09424381703138351 0
 0.1881934106349945 0.005912750959396362 5.973371505737305 0
 0.19926443696022034 0.3985288739204407 5.9401421546936035 0
 0.23273882269859314 0.8791342377662659 5.811499118804932 0
 0.23848390579223633 1.3931090831756592 5.5786590576171875 0
 0.2531869113445282 1.9721958637237549 5.164452075958252 0
 0.263399600982666 2.5438172817230225 4.562435626983643 0
 0.24106964468955994 3.044107675552368 3.8245439529418945 0
 0.24478252232074738 3.4398632049560547 2.9727518558502197 0
 0.23448438942432404 3.712270975112915 2.120849370956421 0
 0.21418307721614838 3.8800926208496094 1.3088593482971191 0
 0.1873813271522522 3.9645745754241943 0.5646498799324036 0
 0.1881934106349945 3.9817564487457275 0.09424381703138351 0
 0.4055245518684387 0.012740965001285076 5.87533712387085 0
 0.44666072726249695 0.4376336932182312 5.811499118804932 0
 0.4865131974220276 0.9429281949996948 5.645284652709961 0
 0.49850231409072876 1.5177944898605347 5.346039295196533 0
 0.5451701879501343 2.139913320541382 4.798108100891113 0
 0.5367025136947632 2.711111545562744 4.107282638549805 0
 0.5218233466148376 3.2120144367218018 3.214960813522339 0
 0.5155083537101746 3.5487825870513916 2.296100616455078 0
 0.48363712430000305 3.767284393310547 1.4006719589233398 0
 0.4336516857147217 3.8800926208496094 0.6584057807922363 0
 0.40552452206611633 3.916408061981201 0.09424381703138351 0
 0.6179577112197876 0.019415292888879776 5.706339359283447 0
 0.7002145648002625 0.4550269842147827 5.5786590576171875 0
 0.7509734630584717 1.0207220315933228 5.346039295196533 0
 0.8131802082061768 1.6263604164123535 4.90889835357666 0
 0.8491224050521851 2.2618496417999268 4.242640495300293 0
 0.8642968535423279 2.8208086490631104 3.37250018119812 0
 0.8019239902496338 3.2738611698150635 2.469086170196533 0
 0.7693414688110352 3.5556867122650146 1.4921395778656006 0
 0.7026804685592651 3.719179391860962 0.6584057807922363 0
 0.6179577112197876 3.8037567138671875 0.09424381703138351 0
 0.8797698020935059 0.02764103002846241 5.388165473937988 0
 0.9860978722572327 0.5063738822937012 5.164452075958252 0
 1.0783878564834595 1.0565935373306274 4.798108100891113 0
 1.1309248208999634 1.6982449293136597 4.242640495300293 0
 1.1570384502410889 2.3140769004821777 3.450031280517578 0
 1.1314729452133179 2.824618101119995 2.554675579071045 0
 1.0843234062194824 3.1910667419433594 1.5832383632659912 0
 0.9831036925315857 3.4471285343170166 0.7519992589950562 0
 0.9078689813613892 3.5635862350463867 0.09424381703138351 0
 1.1498686075210571 0.03612712398171425 4.90889835357666 0
 1.2719086408615112 0.526799201965332 4.562435626983643 0
 1.355555772781372 1.0734050273895264 4.107282638549805 0
 1.423806071281433 1.6840729713439941 3.37250018119812 0
 1.4123090505599976 2.2629458904266357 2.554675579071045 0
 1.358060359954834 2.716120719909668 1.6739466190338135 0
 1.2647954225540161 3.0577502250671387 0.7519992589950562 0
 1.1498686075210571 3.2721951007843018 0.09424381703138351 0
 1.4140390157699585 0.04442695900797844 4.242640495300293 0
 1.5180795192718506 0.5298946499824524 3.8245439529418945 0
 1.5976126194000244 1.0939699411392212 3.214960813522339 0
 1.624132513999939 1.6550737619400024 2.469086170196533 0
 1.6123683452606201 2.118256092071533 1.5832383632659912 0
 1.5288751125335693 2.5295908451080322 0.7519992589950562 0
 1.4140390157699585 2.828078031539917 0.09424381703138351 0
 1.6360976696014404 0.051403701305389404 3.450031280517578 0
 1.7199316024780273 0.4895648658275604 2.9727518558502197 0
 1.7743912935256958 1.0310167074203491 2.296100616455078 0
 1.7778433561325073 1.5386829376220703 1.4921395778656006 0
 1.7235642671585083 1.9662072658538818 0.7519992589950562 0
 1.6360975503921509 2.2997372150421143 0.09424381703138351 0
 1.781793236732483 0.055981237441301346 2.7239432334899902 0
 1.8561354875564575 0.46896877884864807 2.120849370956421 0
 1.8836421966552734 0.9672744274139404 1.4006719589233398 0
 1.859589695930481 1.4053609371185303 0.6584057807922363 0
 1.7817931175231934 1.8157379627227783 0.09424381703138351 0
 1.9018784761428833 0.059754129499197006 1.8541018962860107 0
 1.9400463104248047 0.42836615443229675 1.3088593482971191 0
 1.9400463104248047 0.8673033714294434 0.6584057807922363 0
 1.9018783569335938 1.2359154224395752 0.09424381703138351 0
 1.9582040309906006 0.06152379512786865 1.2167237997055054 0
 1.9822872877120972 0.3747626543045044 0.5646498799324036 0
 1.9582040309906006 0.8110490441322327 0.09424381703138351 0
 1.9908782243728638 0.0625503733754158 0.5646498799324036 0
 1.9908782243728638 0.376386821269989 0.09424381703138351 0
 1.9995064735412598 0.06282145529985428 0.09424381703138351 0
 0.5689492858168976 0.5665225279973642 5.6895157657806985 1
 0.5689498339724371 0.566522310919337 5.68951616141252 1
 0.5689498339724371 0.566522310919337 5.68951616141252 1
 0.5689498319112226 0.5665223191995399 5.68951616141252 1
 0.5689498317855667 0.5665223197043182 5.68951616141252 1
 0.5689498317855667 0.5665223197043182 5.68951616141252 1
 0.5689498295135491 0.5665223288313475 5.68951616141252 1
 0.5689498295135491 0.5665223288313475 5.68951616141252 1
 0.5689498295135491 0.5665223288313475 5.68951616141252 1
 0.5689498295135491 0.5665223288313475 5.68951616141252 1
 0.5689498295135491 0.5665223288313475 5.68951616141252 1
 0.5689498295135491 0.5665223288313475 5.68951616141252 1
 0.5689498295135491 0.5665223288313475 5.68951616141252 1
 0.5689498295135491 0.5665223288313475 5.68951616141252 1
 0.5689498295135491 0.5665223288313475 5.68951616141252 1
 0.5689498295135491 0.5665223288313475 5.68951616141252 1
 0.5689498295135491 0.5665223288313475 5.68951616141252 1
 0.5689498295135491 0.5665223288313475 5.68951616141252 1
 0.5689498295135491 0.5665223288313475 5.68951616141252 1
 0.5689498285427054 0.5665223327313695 5.68951616141252 1
 0.568949825433091 0.5665223452231483 5.68951616141252 1
 0.568949825433091 0.5665223452231483 5.68951616141252 1
 0.568949825433091 0.5665223452231483 5.68951616141252 1
 0.5689498214662729 0.5665223611584395 5.68951616141252 1
 0.5689498214662729 0.5665223611584395 5.68951616141252 1
 0.5689498214662729 0.5665223611584395 5.68951616141252 1
 0.5689497963856285 0.5665224619110629 5.68951616141252 1
 0.5689497963856285 0.5665224619110629 5.68951616141252 1
 0.5689497963856285 0.5665224619110629 5.68951616141252 1
 0.5689497950319616 0.5665224673489406 5.68951616141252 1
 0.5689497950319616 0.5665224673489406 5.68951616141252 1
 0.5689497925187532 0.566522477444866 5.68951616141252 1
 0.5689497925187532 0.566522477444866 5.68951616141252 1
 0.5689497901767759 0.5665224868529303 5.68951616141252 1
 0.5689496835771816 0.5665229150788471 5.68951616141252 1
 0.568949683136813 0.5665229168478699 5.68951616141252 1
 0.5689496828522178 0.5665229179911295 5.68951616141252 1
 0.5689496825527086 0.5665229191943005 5.68951616141252 1
 0.5689496814487186 0.5665229236291852 5.68951616141252 1
 0.5689496814487186 0.5665229236291852 5.68951616141252 1
 0.5689496814487186 0.5665229236291852 5.68951616141252 1
 0.5689496814487186 0.5665229236291852 5.68951616141252 1
 0.5689496814487186 0.5665229236291852 5.68951616141252 1
 0.5689496814487186 0.5665229236291852 5.68951616141252 1
 0.5689496814487186 0.5665229236291852 5.68951616141252 1
 0.5689496814487186 0.5665229236291852 5.68951616141252 1
 0.5689496814487186 0.5665229236291852 5.68951616141252 1
 0.5689496814487186 0.5665229236291852 5.68951616141252 1
 0.5689496814487186 0.5665229236291852 5.68951616141252 1
 0.5689496814487186 0.5665229236291852 5.68951616141252 1
 0.5689496814487186 0.5665229236291852 5.68951616141252 1
 0.5689496814487186 0.5665229236291852 5.68951616141252 1
 0.5689496814487186 0.5665229236291852 5.68951616141252 1
 0.5689496814487186 0.5665229236291852 5.68951616141252 1
 0.5689496814487186 0.5665229236291852 5.68951616141252 1
 0.5689496814487186 0.5665229236291852 5.68951616141252 1
 0.5689496814487186 0.5665229236291852 5.68951616141252 1
 0.5689496814487186 0.5665229236291852 5.68951616141252 1
 0.5689496814487186 0.5665229236291852 5.68951616141252 1
 0.5689496814487186 0.5665229236291852 5.68951616141252 1
 0.5689496814487186 0.5665229236291852 5.68951616141252 1
 0.5689496814487186 0.5665229236291852 5.68951616141252 1
 0.5689496814487186 0.5665229236291852 5.68951616141252 1
 0.5689496814487186 0.5665229236291852 5.68951616141252 1
 0.5689496814487186 0.5665229236291852 5.68951616141252 1
 0.5689496814487186 0.5665229236291852 5.68951616141252 1
 0.5689496814487186 0.5665229236291852 5.68951616141252 1
 0.5689496814487186 0.5665229236291852 5.68951616141252 1
 0.5689496814487186 0.5665229236291852 5.68951616141252 1
 0.5689496814487186 0.5665229236291852 5.68951616141252 1
 0.5689496814487186 0.5665229236291852 5.68951616141252 1
 0.5689496814487186 0.5665229236291852 5.68951616141252 1
 0.5689496814487186 0.5665229236291852 5.68951616141252 1
 0.5689496814487186 0.5665229236291852 5.68951616141252 1
 0.5689496814487186 0.5665229236291852 5.68951616141252 1
 0.5689496814487186 0.5665229236291852 5.68951616141252 1
 0.5689496814487186 0.5665229236291852 5.68951616141252 1
 0.5689496814487186 0.5665229236291852 5.68951616141252 1
 0.5689496814487186 0.5665229236291852 5.68951616141252 1
 0.5689496814487186 0.5665229236291852 5.68951616141252 1
 0.5689496814487186 0.5665229236291852 5.68951616141252 1
 0.5689496814487186 0.5665229236291852 5.68951616141252 1
 0.5689496814487186 0.5665229236291852 5.68951616141252 1
 0.5689496814487186 0.5665229236291852 5.68951616141252 1
 0.5689496814487186 0.5665229236291852 5.68951616141252 1
 0.5689496814487186 0.5665229236291852 5.68951616141252 1
 0.5689496814487186 0.5665229236291852 5.68951616141252 1
 0.5689496814487186 0.5665229236291852 5.68951616141252 1
 0.5689496814487186 0.5665229236291852 5.68951616141252 1
 0.5689496814487186 0.5665229236291852 5.68951616141252 1
 0.5689496814487186 0.5665229236291852 5.68951616141252 1
 0.5689496814487186 0.5665229236291852 5.68951616141252 1
 0.5689496814487186 0.5665229236291852 5.68951616141252 1
 0.5689496814487186 0.5665229236291852 5.68951616141252 1
 0.5689496814487186 0.5665229236291852 5.68951616141252 1
 0.5689496814487186 0.5665229236291852 5.68951616141252 1
 0.5689496814487186 0.5665229236291852 5.68951616141252 1
 0.5689496814487186 0.5665229236291852 5.68951616141252 1
 0.5689496814487186 0.5665229236291852 5.68951616141252 1
 0.5689496814487186 0.5665229236291852 5.68951616141252 1
 0.44666072726249695 0.4376336932182312 5.811499118804932 2
