1 8
13.106860494101209 8
6.751791855266343 8
6.553841288428667 8
5.884797458700932 8
5.884797458700932 8
5.884797458700932 8
5.884797458700932 8
5.4115565310058455 8
4.830672458717008 8
2.052774413807379 8
2.052774413807379 8
2.052774413807379 8
2.052774413807379 8
2.052774413807379 8
2.052774413807379 8
1.5696453216046353 8
1.5696453216046353 8
1.5696453216046353 8
1.5696453216046353 8
1.5696453216046353 8
1.3523110854251286 8
1.3523110854251286 8
1.3523110854251286 8
1.3156655159085158 8
1.3156655159085158 8
1.090815639425629 8
1.090815639425629 8
1.090815639425629 8
1.090815639425629 8
1.029756234890455 8
1.029756234890455 8
1.029756234890455 8
1.029756234890455 8
0.5724100809384263 8
0.5724100809384263 8
0.5724100809384263 8
0.5724100809384263 8
0.5724100809384263 8
0.5032443864269985 8
0.47376205391892706 8
0.47376205391892706 8
0.47376205391892706 8
0.47376205391892706 8
0.47376205391892706 8
0.47376205391892706 8
0.47376205391892706 8
0.47376205391892706 8
0.47376205391892706 8
0.3385072497609434 8
0.3385072497609434 8
0.3385072497609434 8
0.20783248789349712 8
0.20783248789349712 8
0.20783248789349712 8
0.20783248789349712 8
0.20783248789349712 8
0.20783248789349712 8
0.20783248789349712 8
0.20783248789349712 8
0.20783248789349712 8
0.19434377174712322 8
0.19434377174712322 8
0.19051839880231497 8
0.19051839880231497 8
0.19051839880231497 8
0.19051839880231497 8
0.17046817687243856 8
0.1495172219927768 8
0.1495172219927768 8
0.09382904014786518 8
0.09382904014786518 8
0.09382904014786518 8
0.09382904014786518 8
0.09373822788455072 8
0.09373822788455072 8
0.09373822788455072 8
0.09373822788455072 8
0.09373822788455072 8
0.09373822788455072 8
0.09373822788455072 8
0.09373822788455072 8
0.09373822788455072 8
0.09373822788455072 8
0.09373822788455072 8
0.09373822788455072 8
0.09373822788455072 8
0.09373822788455072 8
0.09373822788455072 8
0.09373822788455072 8
0.08892729103791651 8
0.08892729103791651 8
0.08648219075365163 8
0.08648219075365163 8
0.08648219075365163 8
0.08648219075365163 8
0.08608167352999978 8
0.08608167352999978 8
0.08608167352999978 8
0.08022511536875916 8
0.08022511536875916 8
0.08022511536875916 8
0.08022511536875916 8
0.07750433329883329 8
0.07750433329883329 8
0.07750433329883329 8
0.07750433329883329 8
0.07709612288601726 8
0.07709612288601726 8
0.07709612288601726 8
0.06816674607307896 8
0.06279639477741226 8
0.06279639477741226 8
0.05798831335473333 8
0.05798831335473333 8
0.05798831335473333 8
0.05798831335473333 8
0.05798831335473333 8
0.05798831335473333 8
0.05670660909412084 8
0.05670660909412084 8
0.056534267175868416 8
0.056534267175868416 8
0.05503683008020016 8
0.05456872060000324 8
0.05456872060000324 8
0.05007154212160161 8
0.05007154212160161 8
0.04959494191104236 8
0.04959494191104236 8
0.04959494191104236 8
0.04959494191104236 8
0.04913398151216085 8
0.04913398151216085 8
0.04913398151216085 8
0.04913398151216085 8
0.04913398151216085 8
0.04913398151216085 8
0.04913398151216085 8
0.04913398151216085 8
0.05417240893254645 8
0.05437794452278344 8
0.05312470705136245 8
0.05312470705136245 8
0.05312470705136245 8
0.05439444898336191 8
0.05439444898336191 8
0.05439444898336191 8
0.052330079186344476 8
0.052330079186344476 8
0.052330079186344476 8
0.052330079186344476 8
0.052330079186344476 8
0.052330079186344476 8
0.052330079186344476 8
0.052330079186344476 8
0.052330079186344476 8
0.052330079186344476 8
0.052330079186344476 8
0.050543810039827025 8
0.050543810039827025 8
0.050543810039827025 8
0.050543810039827025 8
0.050543810039827025 8
0.050543810039827025 8
0.050543810039827025 8
0.050543810039827025 8
0.050543810039827025 8
0.04985073339438244 8
0.04985073339438244 8
0.04985073339438244 8
0.04971780758689232 8
0.04971780758689232 8
0.04971780758689232 8
0.04971780758689232 8
0.04970883487746783 8
0.04970883487746783 8
0.04970883487746783 8
0.04970883487746783 8
0.04970883487746783 8
0.04970883487746783 8
0.04970883487746783 8
0.0494991568209155 8
0.0494991568209155 8
0.0494991568209155 8
0.0494991568209155 8
0.049630126947507805 8
0.049630126947507805 8
0.049630126947507805 8
0.049630126947507805 8
0.049630126947507805 8
0.049630126947507805 8
0.049630126947507805 8
0.049630126947507805 8
0.049630126947507805 8
0.049630126947507805 8
0.049630126947507805 8
0.049630126947507805 8
0.049630126947507805 8
0.049630126947507805 8
0.049630126947507805 8
0.049630126947507805 8
0.04915557247407616 8
0.04915557247407616 8
0.04915557247407616 8
0.04915557247407616 8
0.04915557247407616 8
0.04915557247407616 8
0.04915557247407616 8
0.04915557247407616 8
0.04915557247407616 8
0.04915557247407616 8
0.04915557247407616 8
0.04915557247407616 8
0.04915557247407616 8
0.04915557247407616 8
0.04925800897843632 8
0.04925800897843632 8
0.04925800897843632 8
0.04925800897843632 8
0.04925800897843632 8
0.04925800897843632 8
0.04925800897843632 8
0.04925800897843632 8
0.04925800897843632 8
0.04925800897843632 8
0.04925800897843632 8
0.04925800897843632 8
0.04916127809758529 8
0.04916127809758529 8
0.04916127809758529 8
0.04916127809758529 8
0.04916127809758529 8
0.04916127809758529 8
0.04898266007450533 8
0.04898266007450533 8
0.04898266007450533 8
0.04898266007450533 8
0.04898266007450533 8
0.04932790932280865 8
0.04932790932280865 8
0.04932790932280865 8
0.04932790932280865 8
0.04932790932280865 8
0.05145507987933175 8
0.050350794231522195 8
0.050350794231522195 8
0.050350794231522195 8
0.050350794231522195 8
0.050350794231522195 8
0.050350794231522195 8
0.050350794231522195 8
0.050350794231522195 8
0.050350794231522195 8
0.050350794231522195 8
0.050350794231522195 8
0.050350794231522195 8
0.050350794231522195 8
0.050350794231522195 8
0.050350794231522195 8
0.050350794231522195 8
0.050350794231522195 8
0.050350794231522195 8
0.050350794231522195 8
0.050350794231522195 8
0.050350794231522195 8
0.050350794231522195 8
0.050350794231522195 8
0.050350794231522195 8
0.050350794231522195 8
0.050350794231522195 8
0.050350794231522195 8
0.05058422763994116 8
0.05058422763994116 8
0.05058422763994116 8
0.05058422763994116 8
0.05058422763994116 8
0.05058422763994116 8
0.05058422763994116 8
0.05058422763994116 8
0.05058422763994116 8
0.05058422763994116 8
0.05058422763994116 8
0.05058422763994116 8
0.05058422763994116 8
0.05058422763994116 8
0.05058422763994116 8
0.05058422763994116 8
0.05058422763994116 8
0.05058422763994116 8
0.05058422763994116 8
0.05058422763994116 8
0.05058422763994116 8
0.05015800682802608 8
0.049869733625448734 8
0.049869733625448734 8
0.049869733625448734 8
0.049869733625448734 8
0.049869733625448734 8
0.049869733625448734 8
0.049869733625448734 8
0.049869733625448734 8
0.049869733625448734 8
0.049869733625448734 8
0.049869733625448734 8
0.049869733625448734 8
0.049869733625448734 8
0.049869733625448734 8
0.049869733625448734 8
0.049869733625448734 8
0.049869733625448734 8
0.049869733625448734 8
0.049869733625448734 8
0.049869733625448734 8
0.049869733625448734 8
0.049869733625448734 8
0.049869733625448734 8
0.049869733625448734 8
0.049780005307483305 8
0.049780005307483305 8
0.049780005307483305 8
0.049780005307483305 8
0.049780005307483305 8
0.049780005307483305 8
0.049780005307483305 8
0.049780005307483305 8
0.049780005307483305 8
0.049780005307483305 8
0.049780005307483305 8
0.049780005307483305 8
0.049780005307483305 8
0.049780005307483305 8
0.049780005307483305 8
0.049780005307483305 8
0.049780005307483305 8
0.049780005307483305 8
0.049780005307483305 8
0.049780005307483305 8
0.049741106370053786 8
0.049741106370053786 8
0.049741106370053786 8
0.049741106370053786 8
0.049741106370053786 8
0.049741106370053786 8
0.049741106370053786 8
0.049739692807070676 8
0.049739692807070676 8
0.049739692807070676 8
0.049739692807070676 8
0.049739692807070676 8
0.049739692807070676 8
0.049739692807070676 8
0.049739692807070676 8
0.049739692807070676 8
0.049739692807070676 8
0.049739692807070676 8
0.049739692807070676 8
0.049739692807070676 8
0.049739692807070676 8
0.049739692807070676 8
0.049739692807070676 8
0.049729656300961225 8
0.049729656300961225 8
0.049729656300961225 8
0.049729656300961225 8
0.049729656300961225 8
0.049729656300961225 8
0.049729656300961225 8
0.049729656300961225 8
0.049715643439012594 8
0.04963287704250294 8
0.04963287704250294 8
0.04963287704250294 8
0.04963287704250294 8
0.04963287704250294 8
0.04963287704250294 8
0.04963287704250294 8
0.04963287704250294 8
0.04963287704250294 8
0.04963287704250294 8
0.04963287704250294 8
0.04963287704250294 8
0.04963287704250294 8
0.04963287704250294 8
0.04963287704250294 8
0.04963287704250294 8
0.04984399513349257 8
0.04984399513349257 8
0.04984399513349257 8
0.04984399513349257 8
0.04984399513349257 8
0.04984399513349257 8
0.04984399513349257 8
0.04984399513349257 8
0.04984399513349257 8
0.04984399513349257 8
0.04982544538047623 8
0.04982544538047623 8
0.04982544538047623 8
0.04982544538047623 8
0.04982544538047623 8
0.04982544538047623 8
0.04980017626631672 8
0.04980017626631672 8
0.04980017626631672 8
0.04980017626631672 8
0.04980017626631672 8
0.04979982000258023 8
0.04979982000258023 8
0.04979982000258023 8
0.04979982000258023 8
0.04979982000258023 8
0.04979982000258023 8
0.04979982000258023 8
0.04979982000258023 8
0.04979982000258023 8
0.04979982000258023 8
0.04979982000258023 8
0.04979982000258023 8
0.04979982000258023 8
0.04979982000258023 8
0.04979982000258023 8
0.04979982000258023 8
0.04979982000258023 8
0.04979982000258023 8
0.04979982000258023 8
0.04979982000258023 8
0.04979982000258023 8
0.04979982000258023 8
0.04979982000258023 8
0.04979982000258023 8
0.04979982000258023 8
0.04979982000258023 8
0.04979982000258023 8
0.04979982000258023 8
0.049799752658973795 8
0.049776588149433476 8
0.049776588149433476 8
0.049776588149433476 8
0.049776588149433476 8
0.049776588149433476 8
0.049776588149433476 8
0.049776588149433476 8
0.049776588149433476 8
0.049776588149433476 8
0.049776588149433476 8
0.049776588149433476 8
0.049776588149433476 8
0.049776588149433476 8
0.049776588149433476 8
0.049776588149433476 8
0.049776588149433476 8
0.049776588149433476 8
0.049776588149433476 8
0.049776588149433476 8
0.049776588149433476 8
0.049776588149433476 8
0.049776588149433476 8
0.049776588149433476 8
0.049776588149433476 8
0.049776588149433476 8
0.049776588149433476 8
0.049776588149433476 8
0.049776588149433476 8
0.049776588149433476 8
0.049776588149433476 8
0.049776588149433476 8
0.049776588149433476 8
0.049776588149433476 8
0.049776588149433476 8
0.049776588149433476 8
0.049776588149433476 8
0.049776588149433476 8
0.049776588149433476 8
0.049776588149433476 8
0.049776588149433476 8
0.049776588149433476 8
0.049776588149433476 8
0.049776588149433476 8
0.049776588149433476 8
0.049776588149433476 8
0.049776588149433476 8
0.049776588149433476 8
0.049776588149433476 8
0.049776588149433476 8
0.049776588149433476 8
0.049776588149433476 8
0.049776588149433476 8
0.049776588149433476 8
0.049776588149433476 8
0.049776588149433476 8
0.049776588149433476 8
0.049776588149433476 8
0.049776588149433476 8
0.049776588149433476 8
0.049776588149433476 8
0.049776588149433476 8
0.049776588149433476 8
0.049776588149433476 8
0.049776588149433476 8
0.049776588149433476 8
0.049776588149433476 8
0.049776588149433476 8
0.049776588149433476 8
0.049776588149433476 8
0.049776588149433476 8
0.049776588149433476 8
0.049776588149433476 8
0.049776588149433476 8
0.049759842488178684 8
0.049759842488178684 8
0.049759842488178684 8
0.04975931498551897 8
0.04975931498551897 8
0.04975931498551897 8
0.04975931498551897 8
0.04975931498551897 8
0.04975931498551897 8
0.04975931498551897 8
0.04975931498551897 8
0.04975931498551897 8
0.04975931498551897 8
0.04975931498551897 8
0.04975931498551897 8
0.04975931498551897 8
0.04975931498551897 8
0.04975931498551897 8
0.04975931498551897 8
0.04975931498551897 8
0.04975931498551897 8
0.04975931498551897 8
0.04975931498551897 8
0.04975931498551897 8
0.04975931498551897 8
0.04975931498551897 8
0.04975931498551897 8
0.04975931498551897 8
0.04975931498551897 8
0.04975931498551897 8
0.04975931498551897 8
0.04975931498551897 8
0.04975931498551897 8
0.04975931498551897 8
0.04975931498551897 8
0.04975931498551897 8
0.04975931498551897 8
0.04975931498551897 8
0.04975931498551897 8
0.04975931498551897 8
0.04975931498551897 8
0.049542812525805315 8
0.049542812525805315 8
0.049542812525805315 8
0.049542812525805315 8
0.04954063496684141 8
0.04954063496684141 8
0.04954063496684141 8
0.04954063496684141 8
0.049540333089202616 8
0.049540333089202616 8
0.049540333089202616 8
0.049540333089202616 8
0.049540333089202616 8
0.049540333089202616 8
0.049540333089202616 8
0.049540333089202616 8
0.049540333089202616 8
0.049540333089202616 8
0.049540333089202616 8
0.049540333089202616 8
0.049540333089202616 8
0.049540333089202616 8
0.049540333089202616 8
0.049540333089202616 8
0.049540333089202616 8
0.049540333089202616 8
0.049540333089202616 8
0.049540333089202616 8
0.049540333089202616 8
0.049540333089202616 8
0.049540333089202616 8
0.049540333089202616 8
0.049540333089202616 8
0.049540333089202616 8
0.049540333089202616 8
0.049540333089202616 8
0.049540333089202616 8
0.049540333089202616 8
0.049540333089202616 8
0.049540333089202616 8
0.049540333089202616 8
0.049540333089202616 8
0.049540333089202616 8
0.049540333089202616 8
0.049540333089202616 8
0.049540333089202616 8
0.049540333089202616 8
0.049540333089202616 8
0.049540333089202616 8
0.049540333089202616 8
0.049540333089202616 8
0.049540333089202616 8
0.049540333089202616 8
0.049540333089202616 8
0.049540333089202616 8
0.049540333089202616 8
0.049540333089202616 8
0.049540333089202616 8
0.049540333089202616 8
0.049540333089202616 8
0.049540333089202616 8
0.049540333089202616 8
0.049540333089202616 8
0.049540333089202616 8
0.049540333089202616 8
0.049540333089202616 8
0.049540333089202616 8
0.049540333089202616 8
0.049540333089202616 8
0.049540333089202616 8
0.049540333089202616 8
0.049378388403854105 8
0.049378388403854105 8
0.049378388403854105 8
0.049378388403854105 8
0.049378388403854105 8
0.049378388403854105 8
0.049378388403854105 8
0.049378388403854105 8
0.049378388403854105 8
0.049378388403854105 8
0.049378388403854105 8
0.049378388403854105 8
0.049378388403854105 8
0.049378388403854105 8
0.049378388403854105 8
0.049378388403854105 8
0.049378388403854105 8
0.049378388403854105 8
0.049378388403854105 8
0.049378388403854105 8
0.049378388403854105 8
0.049378388403854105 8
0.049378388403854105 8
0.049378388403854105 8
0.049378388403854105 8
0.049378388403854105 8
0.049378388403854105 8
0.049378388403854105 8
0.049378388403854105 8
0.049378388403854105 8
0.049378388403854105 8
0.049378359110470206 8
0.049378359110470206 8
0.049378359110470206 8
0.049378359110470206 8
0.049378359110470206 8
0.049378359110470206 8
0.049378359110470206 8
0.049260169002231256 8
0.049260169002231256 8
0.049260169002231256 8
0.049260169002231256 8
0.049260169002231256 8
0.049260169002231256 8
0.049260169002231256 8
0.049260169002231256 8
0.049260169002231256 8
0.049260169002231256 8
0.049260169002231256 8
0.049260169002231256 8
0.049260169002231256 8
0.049260169002231256 8
0.049260169002231256 8
0.049260169002231256 8
0.049260169002231256 8
0.049260169002231256 8
0.049260169002231256 8
0.049260169002231256 8
0.049260169002231256 8
0.049260169002231256 8
0.049260169002231256 8
0.049260169002231256 8
0.049260169002231256 8
0.049260169002231256 8
0.049260169002231256 8
0.049260169002231256 8
0.049260169002231256 8
0.049260169002231256 8
0.049260169002231256 8
0.049260169002231256 8
0.049260169002231256 8
0.049260169002231256 8
0.049260169002231256 8
0.049260169002231256 8
0.04926013249868417 8
0.04926013249868417 8
0.04926013249868417 8
0.04926013249868417 8
0.04926013249868417 8
0.04926013249868417 8
0.04926013249868417 8
0.04926013249868417 8
0.04926013249868417 8
0.04926013249868417 8
0.04926013249868417 8
0.04926013249868417 8
0.04926013249868417 8
0.04926013249868417 8
0.04926013249868417 8
0.04924390902897783 8
0.04916385579006112 8
0.04916385579006112 8
0.04916385579006112 8
0.04916385579006112 8
0.04916385579006112 8
0.04916385579006112 8
0.04916385579006112 8
0.04916385579006112 8
0.04916385579006112 8
0.04916385579006112 8
0.04916385579006112 8
0.04916385579006112 8
0.04916385579006112 8
0.04916385579006112 8
0.04916385579006112 8
0.04916385579006112 8
0.04916385579006112 8
0.04916385579006112 8
0.04916385579006112 8
0.04916385579006112 8
0.04916385579006112 8
0.04916385579006112 8
0.04916385579006112 8
0.04916385579006112 8
0.04916385579006112 8
0.04916385579006112 8
0.04916385579006112 8
0.04916385579006112 8
0.04916385579006112 8
0.04916385579006112 8
0.04916385579006112 8
0.04916385579006112 8
0.04916385579006112 8
0.04916385579006112 8
0.04916385579006112 8
0.04916385579006112 8
0.049162502377756434 8
0.049162502377756434 8
0.049162502377756434 8
0.049162502377756434 8
0.049162502377756434 8
0.049162502377756434 8
0.049162502377756434 8
0.049162502377756434 8
0.049162258801839 8
0.049162258801839 8
0.049162258801839 8
0.049162258801839 8
0.04919872875334424 8
0.04919857277698639 8
0.04919857277698639 8
0.04919857277698639 8
0.04919857277698639 8
0.04919857277698639 8
0.04919857277698639 8
0.04919857277698639 8
0.04919857277698639 8
0.04919857277698639 8
0.04919857277698639 8
0.04919857277698639 8
0.04919857277698639 8
0.04919857277698639 8
0.04919857277698639 8
0.04919857277698639 8
0.04919857277698639 8
0.04919857277698639 8
0.04919857277698639 8
0.04919857277698639 8
0.04919857277698639 8
0.04919857277698639 8
0.04919857277698639 8
0.04919857277698639 8
0.04919857277698639 8
0.04919857277698639 8
0.04919857277698639 8
0.04919857277698639 8
0.04919857277698639 8
0.04919857277698639 8
0.04919857277698639 8
0.04919857277698639 8
0.04919857277698639 8
0.04919857277698639 8
0.04919857277698639 8
0.04919857277698639 8
0.04919857277698639 8
0.04919857277698639 8
0.04919857277698639 8
0.04919857277698639 8
0.04919857277698639 8
0.04919857277698639 8
0.04919857277698639 8
0.04919857277698639 8
0.04919857277698639 8
0.04919857277698639 8
0.04917298313972338 8
0.04917298313972338 8
0.04917298313972338 8
0.04917298313972338 8
0.04917298313972338 8
0.04917298313972338 8
0.04917298313972338 8
0.04917298313972338 8
0.04917298313972338 8
0.04917298313972338 8
0.04917298313972338 8
0.04917298313972338 8
0.04917298313972338 8
0.04917298313972338 8
0.04917298313972338 8
0.04917298313972338 8
0.04917298313972338 8
0.04917298313972338 8
0.04917298313972338 8
0.04917298313972338 8
0.04917298313972338 8
0.04917298313972338 8
0.04881471927100026 8
0.04881471927100026 8
0.04881471927100026 8
0.04881471927100026 8
0.04881471927100026 8
0.04881471927100026 8
0.04881471927100026 8
0.04881471927100026 8
0.04881471927100026 8
0.04881471927100026 8
0.04881471927100026 8
0.04881471927100026 8
0.04881471927100026 8
0.04881471927100026 8
0.04881471927100026 8
0.04881471927100026 8
0.04881471927100026 8
0.04881471927100026 8
0.04881471927100026 8
0.04881471927100026 8
0.04881471927100026 8
0.04881471927100026 8
0.04881471927100026 8
0.04877129530121557 8
0.04877129530121557 8
0.04877129530121557 8
0.04877129530121557 8
0.04877129530121557 8
0.04877129530121557 8
0.04877129530121557 8
0.04877129530121557 8
0.04877129530121557 8
0.04877129530121557 8
0.04877129530121557 8
0.04877129530121557 8
0.04877129530121557 8
0.04877129530121557 8
0.04877129530121557 8
0.04877129530121557 8
0.04877129530121557 8
0.04877129530121557 8
0.04877129530121557 8
0.04877129530121557 8
0.04877129530121557 8
0.04877129530121557 8
0.04877129530121557 8
0.04877129530121557 8
0.04877129530121557 8
0.04877129530121557 8
0.04877129530121557 8
0.04877129530121557 8
0.04877129530121557 8
0.04877129530121557 8
0.04877129530121557 8
0.04877129530121557 8
0.04877129530121557 8
0.04877129530121557 8
0.04877129530121557 8
0.04877129530121557 8
0.04877129530121557 8
0.04877129530121557 8
0.04877129530121557 8
0.04877129530121557 8
0.04877129530121557 8
0.048771294810051886 8
0.048771294810051886 8
0.048771294810051886 8
0.048771294810051886 8
0.048771294810051886 8
0.048771294810051886 8
0.048771294810051886 8
0.048771294810051886 8
0.048771294810051886 8
0.048771294810051886 8
0.04876638809773453 8
0.04876638809773453 8
0.04876638809773453 8
0.04876638809773453 8
0.04876638809773453 8
0.04876638809773453 8
0.04876638809773453 8
0.04876638809773453 8
0.04876638809773453 8
0.04876638809773453 8
0.04876638809773453 8
0.04876638809773453 8
0.04876638809773453 8
0.04876638809773453 8
0.04876638809773453 8
0.04876638809773453 8
0.04876638809773453 8
0.04876638809773453 8
0.04876638809773453 8
0.04876638809773453 8
0.04876638809773453 8
0.04876638809773453 8
0.04876638809773453 8
0.04876638809773453 8
0.04876638809773453 8
0.04876638809773453 8
0.04876638809773453 8
0.04876638809773453 8
0.04876638809773453 8
0.04876638809773453 8
0.04876638809773453 8
0.04876638809773453 8
0.04876638809773453 8
0.04876638809773453 8
0.04876638809773453 8
0.04876638809773453 8
0.04876638809773453 8
0.04876638809773453 8
0.04876638809773453 8
0.04876638809773453 8
0.04876638809773453 8
0.04876638809773453 8
0.04876638809773453 8
0.04876638809773453 8
0.04876638809773453 8
0.04876638809773453 8
0.04876638809773453 8
0.04876638809773453 8
0.04876638809773453 8
0.04876638809773453 8
0.04876638809773453 8
0.04876638809773453 8
0.04876638809773453 8
0.04876638809773453 8
0.04876608256193921 8
0.04876608256193921 8
0.04876608256193921 8
0.04876608256193921 8
0.04876608256193921 8
0.04876608256193921 8
0.04876608256193921 8
0.04876608256193921 8
0.04876608256193921 8
0.04876608256193921 8
0.04876608256193921 8
0.04876608256193921 8
0.04876608256193921 8
0.04876608256193921 8
0.04876608256193921 8
0.04876608256193921 8
0.04876608256193921 8
0.04876608256193921 8
0.04876608256193921 8
0.04876608256193921 8
0.04876608256193921 8
0.04876608256193921 8
0.04876608256193921 8
0.04876608256193921 8
0.04876608256193921 8
0.04876608256193921 8
0.04876608256193921 8
0.04873712100717649 8
0.04873712100717649 8
0.04873712100717649 8
0.04873712100717649 8
0.04873712100717649 8
0.04873712100717649 8
0.04873712100717649 8
0.04873712100717649 8
0.04873712100717649 8
0.04873712100717649 8
0.04873712100717649 8
0.04873712100717649 8
0.04873712100717649 8
0.04873712100717649 8
0.04873290346511867 8
0.04873283999999463 8
0.04873283999999463 8
0.04873283999999463 8
0.04873283999999463 8
0.04873283999999463 8
0.04873283999999463 8
0.04873283999999463 8
0.04873283999999463 8
0.04873283999999463 8
0.04873283999999463 8
0.04873283999999463 8
0.04873283999999463 8
0.04873283999999463 8
0.04873283999999463 8
0.04873283999999463 8
0.04873283999999463 8
0.04873283999999463 8
0.04873283999999463 8
0.04873283999999463 8
0.04873283999999463 8
0.04873283999999463 8
0.04873283999999463 8
0.04873283999999463 8
0.04873283999999463 8
0.04873283999999463 8
0.04873283999999463 8
0.04873283999999463 8
0.04873283999999463 8
0.04873283999999463 8
0.04873283999999463 8
0.04873283999999463 8
0.04873283999999463 8
0.04873283999999463 8
0.04873283999999463 8
0.04873283999999463 8
0.04873283999999463 8
0.04873283999999463 8
0.04873283999999463 8
0.04873283999999463 8
0.04873149953817845 8
0.04873149953817845 8
0.04873149953817845 8
0.04873149953817845 8
0.04873139666740591 8
0.048731396424093576 8
0.048731396424093576 8
0.048731396424093576 8
0.048731396424093576 8
0.048731396424093576 8
0.048731396424093576 8
0.048731396424093576 8
0.048731396424093576 8
0.048731396424093576 8
0.048731396424093576 8
0.048731396424093576 8
0.048731396424093576 8
0.048731396424093576 8
0.048731396424093576 8
0.048731396424093576 8
0.048731396424093576 8
0.048731396424093576 8
0.048731396424093576 8
0.048731396424093576 8
0.048731396424093576 8
0.048731396424093576 8
0.048731396424093576 8
0.048731396424093576 8
0.048731396424093576 8
0.048731396424093576 8
0.048731396424093576 8
0.048731396424093576 8
0.048731396424093576 8
0.048731396424093576 8
0.048731396424093576 8
0.048731396424093576 8
0.048731396424093576 8
0.048731396424093576 8
0.04871227804985445 8
0.04871227804985445 8
0.04871227804985445 8
0.04871227804985445 8
0.04871227804985445 8
0.04871227804985445 8
0.04871227804985445 8
0.04871227804985445 8
0.04871227804985445 8
0.04871227804985445 8
0.04871227804985445 8
0.04871227804985445 8
0.04871227804985445 8
0.04871227804985445 8
0.04871227804985445 8
0.04871227804985445 8
0.04871227804985445 8
0.04871227804985445 8
0.04871227804985445 8
0.04868874142672345 8
0.04868874142672345 8
0.04868874142672345 8
0.04868874142672345 8
0.04868874142672345 8
0.04868874142672345 8
0.04868874142672345 8
0.04868208690941958 8
0.04868208690941958 8
0.04868208690941958 8
0.04868208690941958 8
0.04868208690941958 8
0.04868208690941958 8
0.04868208690941958 8
0.04868208690941958 8
0.04868208690941958 8
0.04868208690941958 8
0.04868208690941958 8
0.04868208690941958 8
0.04868208690941958 8
0.04868208690941958 8
0.04868208690941958 8
0.04868208690941958 8
0.04868208690941958 8
0.04868208690941958 8
0.04868208690941958 8
0.04868208690941958 8
0.04868208690941958 8
0.04868208690941958 8
0.04868208690941958 8
0.04868208690941958 8
0.04868208690941958 8
0.04868208690941958 8
0.04868208690941958 8
0.04868208690941958 8
0.04868208690941958 8
0.04868208690941958 8
0.04868208690941958 8
0.04868208690941958 8
0.04868208690941958 8
0.04868208690941958 8
0.04868208690941958 8
0.04868208690941958 8
0.04868208690941958 8
0.04868208690941958 8
0.04868208690941958 8
0.04868208690941958 8
0.04868208690941958 8
0.04868208690941958 8
0.04868208690941958 8
0.04868208690941958 8
0.04868208690941958 8
0.04868208690941958 8
0.04868208690941958 8
0.04868208690941958 8
0.04868208690941958 8
0.04868208690941958 8
0.04868208690941958 8
0.04868208690941958 8
0.04868208690941958 8
0.04868208690941958 8
0.04868208690941958 8
0.04868208690941958 8
0.04868208690941958 8
0.04868208690941958 8
0.04868208690941958 8
0.04868208690941958 8
0.04868208690941958 8
0.04868208690941958 8
0.04868208690941958 8
0.04868208690941958 8
0.04868208690941958 8
0.04868208690941958 8
0.04868208690941958 8
0.04868208690941958 8
0.04868208690941958 8
0.04868208690941958 8
0.04868208690941958 8
0.04868208690941958 8
0.04868208690941958 8
0.04868208690941958 8
0.04868208690941958 8
0.04868208690941958 8
0.04868208690941958 8
0.04868208690941958 8
0.04868208690941958 8
0.04868208690941958 8
0.04868208690941958 8
0.04868208690941958 8
0.04868208690941958 8
0.04868208690941958 8
0.04868208690941958 8
0.04868208690941958 8
0.04868208690941958 8
0.04869869363515495 8
0.04869869363515495 8
0.04869869363515495 8
0.04869869363515495 8
0.04869869363515495 8
0.04869869363515495 8
0.04869869363515495 8
0.04869869363515495 8
0.04869869363515495 8
0.04869869363515495 8
0.04869869363515495 8
0.04869869363515495 8
0.04869869363515495 8
0.04869869363515495 8
0.04869866043962746 8
0.04869866043962746 8
0.04869866043962746 8
0.04869866043962746 8
0.04869866043962746 8
0.04869866043962746 8
0.04869866043962746 8
0.04869866043962746 8
0.04869866043962746 8
0.04869866043962746 8
0.04869866043962746 8
0.04869866043962746 8
0.04869866043962746 8
0.04869866043962746 8
0.04869866043962746 8
0.04869866043962746 8
0.04869866043962746 8
0.04869866043962746 8
0.04869866043962746 8
0.04869866043962746 8
0.04869866043962746 8
0.048697404328855866 8
0.048697404328855866 8
0.048697404328855866 8
0.048697404328855866 8
0.048697404328855866 8
0.048697404328855866 8
0.048697404328855866 8
0.048697404328855866 8
0.048697404328855866 8
0.048697404328855866 8
0.048697404328855866 8
0.048697404328855866 8
0.048697404328855866 8
0.048697404328855866 8
0.048697404328855866 8
0.048697404328855866 8
0.048697404328855866 8
0.048697404328855866 8
0.048697404328855866 8
0.048697404328855866 8
0.048697404328855866 8
0.048697404328855866 8
0.048697404328855866 8
0.048697404328855866 8
0.048697404328855866 8
0.048697404328855866 8
0.048697404328855866 8
0.048697404328855866 8
0.048697404328855866 8
0.048697404328855866 8
0.048697404328855866 8
0.048697404328855866 8
0.048697404328855866 8
0.048697404328855866 8
0.048697404328855866 8
0.048697404328855866 8
0.048697404328855866 8
0.048697404328855866 8
0.04869740431397615 8
0.04869740431397615 8
0.04869740431397615 8
0.04869740431397615 8
0.04869740431397615 8
0.04869740431397615 8
0.04869740431397615 8
0.04869740431397615 8
0.04869740431397615 8
0.04869740431397615 8
0.04869740431397615 8
0.04869740431397615 8
0.04869740431397615 8
0.04869740431397615 8
0.04869740431397615 8
0.04869740431397615 8
0.04869740431397615 8
0.04869740431397615 8
0.04869740431397615 8
0.04869740431397615 8
0.04869740431397615 8
0.04869740431397615 8
0.04869740431397615 8
0.04869740431397615 8
0.04869740431397615 8
0.04869740431397615 8
0.04869740431397615 8
0.04869740431397615 8
0.04869740431397615 8
0.04869740431397615 8
0.04869740431397615 8
0.04869740431397615 8
0.04869741546067545 8
0.04869741546067545 8
0.04869741546067545 8
0.04869741546067545 8
0.04869663693812601 8
0.04869663693812601 8
0.04869663693812601 8
0.04869663693812601 8
0.04869663693812601 8
0.04869663693812601 8
0.04869663693812601 8
0.04869663693812601 8
0.04869663693812601 8
0.04869663693812601 8
0.04869663693812601 8
0.04869662918157082 8
0.04869662918157082 8
0.04869662918157082 8
0.04869662918157082 8
0.04869662918157082 8
0.04869662918157082 8
0.04869662918157082 8
0.04869662918157082 8
0.04869662918157082 8
0.04869662918157082 8
0.04869662918157082 8
0.04869662918157082 8
0.04869662918157082 8
0.04869662918157082 8
0.04869662918157082 8
0.04869662918157082 8
0.04869662918157082 8
0.04869662918157082 8
0.04869662918157082 8
0.04869662918157082 8
0.04869662918157082 8
0.04869662918157082 8
0.04869662918157082 8
0.04869662918157082 8
0.04869662918157082 8
0.04869662918157082 8
0.04869662918157082 8
0.04869662918157082 8
0.04869662918157082 8
0.04869662918157082 8
0.04869662918157082 8
0.04869662918157082 8
0.04869662918157082 8
0.048696621564626126 8
0.048696621564626126 8
0.048696621564626126 8
0.048696621564626126 8
0.048696621564626126 8
0.048696621564626126 8
0.048696621564626126 8
0.048696621564626126 8
0.048696621564626126 8
0.048696621564626126 8
0.048696621564626126 8
0.048696621564626126 8
0.048696621564626126 8
0.048696621564626126 8
0.048696621564626126 8
0.048696621564626126 8
0.048696621564626126 8
0.048696621564626126 8
0.048696621564626126 8
0.048696621564626126 8
0.048696621564626126 8
0.048696621564626126 8
0.048696621564626126 8
0.048696621564626126 8
0.048696621564626126 8
0.048696621564626126 8
0.048696621564626126 8
0.048696621564626126 8
0.048696621564626126 8
0.048696621564626126 8
0.048696621564626126 8
0.048696621564626126 8
0.048696621564626126 8
0.048696621564626126 8
0.048696621564626126 8
0.048696621564626126 8
0.048696621564626126 8
0.048696621564626126 8
0.048696621564626126 8
0.048696621564626126 8
0.048696621564626126 8
0.048696621564626126 8
0.048696621564626126 8
0.048696621564626126 8
0.048696621564626126 8
0.048696621564626126 8
0.048696621564626126 8
0.048696621564626126 8
0.048696621564626126 8
0.048696621564626126 8
0.048696621564626126 8
0.048696621564626126 8
0.048696621564626126 8
0.048696621564626126 8
0.048696621564626126 8
0.048696621564626126 8
0.048696621564626126 8
0.048696621564626126 8
0.04869658269752304 8
0.04869658269752304 8
0.04869658269752304 8
0.04869658269752304 8
0.04869658269752304 8
0.04869658269752304 8
0.04869658269752304 8
0.04869658269752304 8
0.04869658269752304 8
0.04869658269752304 8
0.04869658269752304 8
0.04869658269752304 8
0.04869658269752304 8
0.04869658269752304 8
0.04869658269752304 8
0.04869658269752304 8
0.04869658269752304 8
0.04869658269752304 8
0.04869658269752304 8
0.04869658269752304 8
0.04869658269752304 8
0.04869658269752304 8
0.04869658269752304 8
0.04869658269752304 8
0.04869658269752304 8
0.04869658269752304 8
0.04869658269752304 8
0.04869658269752304 8
0.04869658269752304 8
0.04869658269752304 8
0.04869658269752304 8
0.04869658269752304 8
0.04869658269752304 8
0.04869658269752304 8
0.04869658269752304 8
0.04869658269752304 8
0.04869658269752304 8
0.04869658269752304 8
0.04869658269752304 8
0.04869658269752304 8
0.04869658269752304 8
0.04869658269752304 8
0.04869658269752304 8
0.04869658269752304 8
0.04869658269752304 8
0.04869658269752304 8
0.04869658269752304 8
0.04869658269752304 8
0.04869658269752304 8
0.04869658269752304 8
0.04869658269752304 8
0.04869658269752304 8
0.04869658269752304 8
0.04869658269752304 8
0.04869658269752304 8
0.04869658269752304 8
0.04869658269752304 8
0.04869658269752304 8
0.04869658269752304 8
0.04869658269752304 8
0.04869658269752304 8
0.04869658269752304 8
0.04869658269752304 8
0.04869658269752304 8
0.04869658269752304 8
0.04869658269752304 8
0.04869658269752304 8
0.04869658269752304 8
0.04869658269752304 8
0.04869658269752304 8
0.04869658269752304 8
0.04869658269752304 8
0.04869658269752304 8
0.04869658269752304 8
0.04869658269752304 8
0.04869658269752304 8
0.04869658269752304 8
0.04869658269752304 8
0.04869658269752304 8
0.04869658269752304 8
0.04869658269752304 8
0.04869658269752304 8
0.04869658269752304 8
0.04869658269752304 8
0.04869658269752304 8
0.04869658269752304 8
0.04869658269752304 8
0.04869658269752304 8
0.04869658269752304 8
0.04869658269752304 8
0.04869658269752304 8
0.04869658269752304 8
0.04869658269752304 8
0.04869658269752304 8
0.04869658269752304 8
0.04869658269752304 8
0.04869658269752304 8
0.04869658269752304 8
0.04869658269752304 8
0.04869658269752304 8
0.04869658269752304 8
0.04869658269752304 8
0.04869658269752304 8
