1 8
0.13653327978551177 8
0.11341495643759027 8
0.11341495643759027 8
0.11277652908243337 8
0.09251467520957184 8
0.0852990418226672 8
0.0852990418226672 8
0.0852990418226672 8
0.07157735115999433 8
0.07157735115999433 8
0.07157735115999433 8
0.07157735115999433 8
0.06983796615414258 8
0.06983796615414258 8
0.06983796615414258 8
0.07122642419983172 8
0.07122642419983172 8
0.07114650882684698 8
0.07232410006176368 8
0.06850476900200958 8
0.06850476900200958 8
0.06850476900200958 8
0.06850476900200958 8
0.06850476900200958 8
0.06850476900200958 8
0.06424128203810027 8
0.06424128203810027 8
0.06424128203810027 8
0.06424128203810027 8
0.06424128203810027 8
0.06424128203810027 8
0.06424128203810027 8
0.06424128203810027 8
0.06424128203810027 8
0.06662458484312929 8
0.06662458484312929 8
0.06662458484312929 8
0.06555065615334751 8
0.0639329546731043 8
0.0639329546731043 8
0.06435648467524822 8
0.06617118592806584 8
0.06617118592806584 8
0.06617118592806584 8
0.06565175138697783 8
0.06565175138697783 8
0.06507483666999805 8
0.06507483666999805 8
0.06507483666999805 8
0.06503011076814098 8
0.06503011076814098 8
0.06503011076814098 8
0.06325948099894356 8
0.06333467540052655 8
0.06333467540052655 8
0.06296056685576375 8
0.06296056685576375 8
0.06296056685576375 8
0.06296056685576375 8
0.062258856607433265 8
0.062258856607433265 8
0.062258856607433265 8
0.06217790762987321 8
0.06217790762987321 8
0.06217790762987321 8
0.06217790762987321 8
0.06217790762987321 8
0.06217790762987321 8
0.06217790762987321 8
0.06217790762987321 8
0.06217790762987321 8
0.06217790762987321 8
0.06217790762987321 8
0.06217790762987321 8
0.06217790762987321 8
0.06217790762987321 8
0.06217790762987321 8
0.06217790762987321 8
0.0624626387998014 8
0.0624626387998014 8
0.0624626387998014 8
0.0624626387998014 8
0.0624626387998014 8
0.06197378236758553 8
0.06197378236758553 8
0.06197378236758553 8
0.06197378236758553 8
0.06197378236758553 8
0.06499462806304232 8
0.0615688398616727 8
0.06119539528903311 8
0.06119539528903311 8
0.06119539528903311 8
0.06119539528903311 8
0.06119539528903311 8
0.060488599268198495 8
0.05999110651945444 8
0.05999110651945444 8
0.05999110651945444 8
0.05999110651945444 8
0.05999110651945444 8
0.05999110651945444 8
0.06042202425579434 8
0.06042202425579434 8
0.06042202425579434 8
0.06042202425579434 8
0.06042202425579434 8
0.06042202425579434 8
0.06042202425579434 8
0.06042202425579434 8
0.06042202425579434 8
0.06042202425579434 8
0.06042202425579434 8
0.06042202425579434 8
0.06042202425579434 8
0.06042202425579434 8
0.06042202425579434 8
0.06042202425579434 8
0.06042202425579434 8
0.06042202425579434 8
0.06042202425579434 8
0.06042202425579434 8
0.06042202425579434 8
0.06042202425579434 8
0.06042202425579434 8
0.06042202425579434 8
0.06042202425579434 8
0.06042202425579434 8
0.06042202425579434 8
0.06042202425579434 8
0.06042202425579434 8
0.06042202425579434 8
0.06042202425579434 8
0.06042202425579434 8
0.06042202425579434 8
0.06042202425579434 8
0.06042202425579434 8
0.06042202425579434 8
0.06042202425579434 8
0.06042202425579434 8
0.06042202425579434 8
0.06042202425579434 8
0.06042202425579434 8
0.06042202425579434 8
0.06042202425579434 8
0.06042202425579434 8
0.06042202425579434 8
0.06042202425579434 8
0.06042202425579434 8
0.06089986516117315 8
0.06089986516117315 8
0.06089986516117315 8
0.060777255981818656 8
0.060777255981818656 8
0.060777255981818656 8
0.060777255981818656 8
0.060777255981818656 8
0.060777255981818656 8
0.060777255981818656 8
0.060777255981818656 8
0.060777255981818656 8
0.060777255981818656 8
0.060777255981818656 8
0.060777255981818656 8
0.06070462308573533 8
0.06070462308573533 8
0.06070462308573533 8
0.060605148299822664 8
0.06016359557188406 8
0.06016359557188406 8
0.06016359557188406 8
0.06016359557188406 8
0.06016359557188406 8
0.06010488634633781 8
0.06010488634633781 8
0.06010488634633781 8
0.06010488634633781 8
0.06010488634633781 8
0.06010488634633781 8
0.06010488634633781 8
0.06010488634633781 8
0.06010488634633781 8
0.06010488634633781 8
0.06010488634633781 8
0.06010488634633781 8
0.06010488634633781 8
0.06010488634633781 8
0.06010488634633781 8
0.06010488634633781 8
0.06010488634633781 8
0.06010488634633781 8
0.06010488634633781 8
0.06010488634633781 8
0.06010488634633781 8
0.06036606279105943 8
0.06036606279105943 8
0.06036606279105943 8
0.06036606279105943 8
0.06036606279105943 8
0.06036606279105943 8
0.060190396935025516 8
0.060190396935025516 8
0.060190396935025516 8
0.060190396935025516 8
0.060190396935025516 8
0.060190396935025516 8
0.060012674558872846 8
0.060012674558872846 8
0.060012674558872846 8
0.060012674558872846 8
0.060012674558872846 8
0.060012674558872846 8
0.060012674558872846 8
0.060012674558872846 8
0.0600918972773553 8
0.060099406553520446 8
0.060099406553520446 8
0.060099406553520446 8
0.060099406553520446 8
0.06018375051409721 8
0.06018375051409721 8
0.06018375051409721 8
0.06018375051409721 8
0.06018375051409721 8
0.06018375051409721 8
0.06018375051409721 8
0.06018375051409721 8
0.06018375051409721 8
0.06018375051409721 8
0.06018375051409721 8
0.06018375051409721 8
0.06018375051409721 8
0.06018375051409721 8
0.06018375051409721 8
0.06018375051409721 8
0.059865727162514114 8
0.059865727162514114 8
0.059865727162514114 8
0.05986553452521599 8
0.05986553452521599 8
0.05986553452521599 8
0.05986553452521599 8
0.05986553452521599 8
0.05986553452521599 8
0.05986553452521599 8
0.05986553452521599 8
0.05986553452521599 8
0.05986553452521599 8
0.05986553452521599 8
0.05986553452521599 8
0.05986553452521599 8
0.05986553452521599 8
0.05984109524883691 8
0.05982069110574309 8
0.05982069110574309 8
0.05982069110574309 8
0.05982069110574309 8
0.05982069110574309 8
0.05982069110574309 8
0.05982069110574309 8
0.05982069110574309 8
0.05982069110574309 8
0.05982069110574309 8
0.05982069110574309 8
0.05982069110574309 8
0.05982069110574309 8
0.05982069110574309 8
0.05982069110574309 8
0.05982069110574309 8
0.05982069110574309 8
0.05982069110574309 8
0.05982069110574309 8
0.05982069110574309 8
0.05982069110574309 8
0.05982069110574309 8
0.05982069110574309 8
0.05982069110574309 8
0.05982069110574309 8
0.05982069110574309 8
0.05982069110574309 8
0.05982069110574309 8
0.05982069110574309 8
0.059834064270744544 8
0.059834064270744544 8
0.059834064270744544 8
0.059834064270744544 8
0.059834064270744544 8
0.059834064270744544 8
0.059834064270744544 8
0.059834064270744544 8
0.059834064270744544 8
0.059834064270744544 8
0.059834064270744544 8
0.059834064270744544 8
0.059834064270744544 8
0.059834064270744544 8
0.059834064270744544 8
0.059834064270744544 8
0.059834064270744544 8
0.059834064270744544 8
0.059834064270744544 8
0.059834064270744544 8
0.059834064270744544 8
0.059834064270744544 8
0.059834064270744544 8
0.059834064270744544 8
0.059834064270744544 8
0.059834064270744544 8
0.059834064270744544 8
0.059834064270744544 8
0.05976136062588628 8
0.05976136062588628 8
0.05976136062588628 8
0.05976136062588628 8
0.05976136062588628 8
0.05976136062588628 8
0.05976136062588628 8
0.05976136062588628 8
0.05976136062588628 8
0.05976136062588628 8
0.05976136062588628 8
0.05976136062588628 8
0.05976136062588628 8
0.05976136062588628 8
0.05976136062588628 8
0.05976136062588628 8
0.05976136062588628 8
0.05976136062588628 8
0.05976136062588628 8
0.05976136062588628 8
0.05976136062588628 8
0.05976136062588628 8
0.05976136062588628 8
0.05976136062588628 8
0.05976136062588628 8
0.05976136062588628 8
0.05976136062588628 8
0.05976136062588628 8
0.05976136062588628 8
0.05976136062588628 8
0.05976136062588628 8
0.05976136062588628 8
0.05976136062588628 8
0.05976136062588628 8
0.05976136062588628 8
0.05976136062588628 8
0.05976136062588628 8
0.05976136062588628 8
0.05976136062588628 8
0.05976136062588628 8
0.05976136062588628 8
0.05976136062588628 8
0.05976136062588628 8
0.05976136062588628 8
0.05976136062588628 8
0.05976136062588628 8
0.05976136062588628 8
0.05976136062588628 8
0.05976136062588628 8
0.05972556869119479 8
0.05972556869119479 8
0.05972556869119479 8
0.05972556869119479 8
0.05972556869119479 8
0.05972556869119479 8
0.05972556869119479 8
0.05972556869119479 8
0.05972556869119479 8
0.05972556869119479 8
0.05972556869119479 8
0.05972556869119479 8
0.05972556869119479 8
0.05972556869119479 8
0.05972556869119479 8
0.05972556869119479 8
0.05972556869119479 8
0.05972556869119479 8
0.05972556869119479 8
0.05972556869119479 8
0.05972556869119479 8
0.05972556869119479 8
0.05972556869119479 8
0.05972556869119479 8
0.05972556869119479 8
0.05972556869119479 8
0.05972556869119479 8
0.05972556869119479 8
0.05972556869119479 8
0.05972556869119479 8
0.05972556869119479 8
0.05972556869119479 8
0.05972556869119479 8
0.05972556869119479 8
0.05972556869119479 8
0.05972556869119479 8
0.05972556869119479 8
0.05972556869119479 8
0.05972556869119479 8
0.05972556869119479 8
0.05972556869119479 8
0.05972556869119479 8
0.05972556869119479 8
0.05972556869119479 8
0.05972556869119479 8
0.05972556869119479 8
0.05972556869119479 8
0.05972556869119479 8
0.05972556869119479 8
0.05972556869119479 8
0.05972556869119479 8
0.05972556869119479 8
0.05972556869119479 8
0.05972556869119479 8
0.05972556869119479 8
0.05972556869119479 8
0.05972556869119479 8
0.059711379773959336 8
0.059711379773959336 8
0.059711379773959336 8
0.059711379773959336 8
0.059711379773959336 8
0.059711379773959336 8
0.059711379773959336 8
0.059711379773959336 8
0.059711379773959336 8
0.059711379773959336 8
0.059711379773959336 8
0.059711379773959336 8
0.059711379773959336 8
0.059711379773959336 8
0.059711379773959336 8
0.059711379773959336 8
0.059711379773959336 8
0.059711379773959336 8
0.05969906328823255 8
0.05969906328823255 8
0.05969906328823255 8
0.05969906328823255 8
0.059745771079181234 8
0.059745771079181234 8
0.059745771079181234 8
0.059745771079181234 8
0.059745771079181234 8
0.059745771079181234 8
0.059745771079181234 8
0.059745771079181234 8
0.059745771079181234 8
0.059745771079181234 8
0.059745771079181234 8
0.059745771079181234 8
0.059745771079181234 8
0.059745771079181234 8
0.059745771079181234 8
0.059745771079181234 8
0.059745771079181234 8
0.059745771079181234 8
0.059745771079181234 8
0.059745771079181234 8
0.059745771079181234 8
0.059745771079181234 8
0.059745771079181234 8
0.059745771079181234 8
0.059745771079181234 8
0.059745771079181234 8
0.059745771079181234 8
0.059745771079181234 8
0.059745771079181234 8
0.059745771079181234 8
0.059745771079181234 8
0.059745771079181234 8
0.059745771079181234 8
0.059745771079181234 8
0.059745771079181234 8
0.059745771079181234 8
0.059745771079181234 8
0.059745771079181234 8
0.059745771079181234 8
0.059745771079181234 8
0.059745771079181234 8
0.059745771079181234 8
0.059745771079181234 8
0.059745771079181234 8
0.059745771079181234 8
0.059745771079181234 8
0.059745771079181234 8
0.059745771079181234 8
0.059745771079181234 8
0.059745771079181234 8
0.059745771079181234 8
0.059745771079181234 8
0.059745771079181234 8
0.059745771079181234 8
0.059745771079181234 8
0.059745771079181234 8
0.059745771079181234 8
0.05975427599493707 8
0.05975427599493707 8
0.05975427599493707 8
0.05975427599493707 8
0.05975427599493707 8
0.05975427599493707 8
0.05975427599493707 8
0.05975427599493707 8
0.05975427599493707 8
0.05975427599493707 8
0.05975427599493707 8
0.05975427599493707 8
0.05975212059995457 8
0.05975212059995457 8
0.05975212059995457 8
0.05975212059995457 8
0.05975212059995457 8
0.05975212059995457 8
0.05975212059995457 8
0.05975212059995457 8
0.05975212059995457 8
0.05975212059995457 8
0.05975212059995457 8
0.05974828389793056 8
0.05974828389793056 8
0.06034202514727537 8
0.06034202514727537 8
0.06034202514727537 8
0.06042012808179973 8
0.06042012808179973 8
0.06042012808179973 8
0.06042012808179973 8
0.06042012808179973 8
0.06042012808179973 8
0.06042012808179973 8
0.06042012808179973 8
0.06042012808179973 8
0.06042012808179973 8
0.06042012808179973 8
0.06042012808179973 8
0.06042012808179973 8
0.06042012808179973 8
0.06042012808179973 8
0.06042012808179973 8
0.06042012808179973 8
0.06042012808179973 8
0.06042012808179973 8
0.06042012808179973 8
0.06042012808179973 8
0.06042012808179973 8
0.06042012808179973 8
0.06042012808179973 8
0.06042012808179973 8
0.06042012808179973 8
0.06042012808179973 8
0.06042012808179973 8
0.06042012808179973 8
0.06042012808179973 8
0.06042012808179973 8
0.06042012808179973 8
0.06042012808179973 8
0.06042012808179973 8
0.06042012808179973 8
0.06042012808179973 8
0.06042062352509876 8
0.06042062352509876 8
0.06042062352509876 8
0.06042062352509876 8
0.06042062352509876 8
0.06042062352509876 8
0.06042062352509876 8
0.06042062352509876 8
0.06042062352509876 8
0.06042062352509876 8
0.06042062352509876 8
0.06042062352509876 8
0.06042062352509876 8
0.06042062352509876 8
0.06042062352509876 8
0.06042062352509876 8
0.06049018091569102 8
0.06049018091569102 8
0.06049018091569102 8
0.06049018091569102 8
0.06049018091569102 8
0.06049018091569102 8
0.06049018091569102 8
0.06049018091569102 8
0.06041169038269208 8
0.06041169038269208 8
0.06041162674259452 8
0.06041162674259452 8
0.06041162674259452 8
0.06041162674259452 8
0.06041162674259452 8
0.05996369875722346 8
0.05996369875722346 8
0.05996369875722346 8
0.05983206916316483 8
0.05983206916316483 8
0.05983206916316483 8
0.05983206916316483 8
0.05983206916316483 8
0.05983206916316483 8
0.05983206916316483 8
0.0597164974460221 8
0.0597164974460221 8
0.0597164974460221 8
0.0597164974460221 8
0.0597164974460221 8
0.0597125882512805 8
0.0597125882512805 8
0.0597125882512805 8
0.0597125882512805 8
0.0597125882512805 8
0.0597125882512805 8
0.0597125882512805 8
0.0597125882512805 8
0.0597125882512805 8
0.0597125882512805 8
0.05968507614410123 8
0.05968507614410123 8
0.059666183508856205 8
0.059666183508856205 8
0.059666183508856205 8
0.059666183508856205 8
0.059666183508856205 8
0.059666183508856205 8
0.05966581937795108 8
0.059665330343408096 8
0.059665330343408096 8
0.059665330343408096 8
0.059665330343408096 8
0.05966499398183165 8
0.05966499398183165 8
0.05966499398183165 8
0.05966499398183165 8
0.05966499398183165 8
0.05966499398183165 8
0.05966499398183165 8
0.05966499398183165 8
0.05966499398183165 8
0.05966499398183165 8
0.05966499398183165 8
0.05966499398183165 8
0.05966499398183165 8
0.05966499398183165 8
0.05966499398183165 8
0.05966499398183165 8
0.05966499398183165 8
0.05966499398183165 8
0.05966499398183165 8
0.05966499398183165 8
0.05966499398183165 8
0.05966499398183165 8
0.05966499398183165 8
0.05966499398183165 8
0.05966499398183165 8
0.05966499398183165 8
0.05966499398183165 8
0.05966499398183165 8
0.05966499398183165 8
0.05966499398183165 8
0.05966499398183165 8
0.05966499398183165 8
0.05966499398183165 8
0.05966499398183165 8
0.05966499398183165 8
0.05966499398183165 8
0.05966499398183165 8
0.05966499398183165 8
0.05966499398183165 8
0.05966499398183165 8
0.05966499398183165 8
0.05966499398183165 8
0.05966499398183165 8
0.05966499398183165 8
0.05966499398183165 8
0.05966499398183165 8
0.05966499398183165 8
0.05966499398183165 8
0.05966456228783371 8
0.0598714104190016 8
0.0598714104190016 8
0.0598714104190016 8
0.0598714104190016 8
0.0598714104190016 8
0.0598714104190016 8
0.0598714104190016 8
0.0598714104190016 8
0.0598714104190016 8
0.0598714104190016 8
0.05986563113487215 8
0.05986563113487215 8
0.05986563113487215 8
0.05986563113487215 8
0.05986563113487215 8
0.05986563113487215 8
0.05986563113487215 8
0.05986563113487215 8
0.05986563113487215 8
0.05986563113487215 8
0.05986563113487215 8
0.05986563113487215 8
0.05986563113487215 8
0.059865309584468576 8
0.059865309584468576 8
0.059865309584468576 8
0.059865309584468576 8
0.059865309584468576 8
0.059865309584468576 8
0.059865309584468576 8
0.059865309584468576 8
0.059865309584468576 8
0.0598619760872093 8
0.0598619760872093 8
0.0598619760872093 8
0.0598619760872093 8
0.0598619760872093 8
0.0598619760872093 8
0.0598619760872093 8
0.0598619760872093 8
0.0598619760872093 8
0.0598619760872093 8
0.0598619760872093 8
0.05980889296938334 8
0.05980889296938334 8
0.05980889296938334 8
0.05980889296938334 8
0.05980889296938334 8
0.05980889296938334 8
0.05980889296938334 8
0.05980889296938334 8
0.059670763978503245 8
0.059670763978503245 8
0.059670763978503245 8
0.059670763978503245 8
0.059670763978503245 8
0.059670763978503245 8
0.059670763978503245 8
0.059670763978503245 8
0.059670763978503245 8
0.059670763978503245 8
0.059670763978503245 8
0.059670763978503245 8
0.059670763978503245 8
0.059670763978503245 8
0.059670763978503245 8
0.059670763978503245 8
0.059670763978503245 8
0.059670763978503245 8
0.059670763978503245 8
0.059670763978503245 8
0.059670763978503245 8
0.059670763978503245 8
0.059670763978503245 8
0.059670763978503245 8
0.059670763978503245 8
0.059670763978503245 8
0.059670763978503245 8
0.059670763978503245 8
0.059670763978503245 8
0.059670763978503245 8
0.059670763978503245 8
0.059670763978503245 8
0.059670763978503245 8
0.059670763978503245 8
0.059670763978503245 8
0.059670763978503245 8
0.059670763978503245 8
0.059670763978503245 8
0.059670763978503245 8
0.059670763978503245 8
0.059670763978503245 8
0.059670763978503245 8
0.059670763978503245 8
0.059670763978503245 8
0.059670763978503245 8
0.059670763978503245 8
0.059670763978503245 8
0.059670763978503245 8
0.059670763978503245 8
0.059670763978503245 8
0.059663660090828366 8
0.059663660090828366 8
0.059663660090828366 8
0.059663660090828366 8
0.059663660090828366 8
0.059663660090828366 8
0.059663660090828366 8
0.059663660090828366 8
0.059663660090828366 8
0.059663660090828366 8
0.05966318586585808 8
0.05966318586585808 8
0.05966318586585808 8
0.05966318586585808 8
0.05966318586585808 8
0.05966318586585808 8
0.05966318586585808 8
0.05966318586585808 8
0.05966318586585808 8
0.05966318586585808 8
0.05966318586585808 8
0.05966318586585808 8
0.05966318586585808 8
0.05966318586585808 8
0.05966318586585808 8
0.05966318586585808 8
0.05966318586585808 8
0.05966318586585808 8
0.05966318586585808 8
0.05966318586585808 8
0.05966318586585808 8
0.05966318586585808 8
0.05966318586585808 8
0.05966318586585808 8
0.059662706692464436 8
0.059662706692464436 8
0.059662706692464436 8
0.059662706692464436 8
0.05965448411394717 8
0.05965448411394717 8
0.05965448411394717 8
0.05965448411394717 8
0.05965448411394717 8
0.05965448411394717 8
0.05965448411394717 8
0.05965448411394717 8
0.05965448411394717 8
0.05965448411394717 8
0.05965448411394717 8
0.05965448411394717 8
0.05965448411394717 8
0.05965448411394717 8
0.05965448411394717 8
0.05965448411394717 8
0.05965448411394717 8
0.05965448411394717 8
0.05965448411394717 8
0.05965448411394717 8
0.05965448411394717 8
0.05965448411394717 8
0.05965448411394717 8
0.05965448411394717 8
0.05965448411394717 8
0.05965448411394717 8
0.05965448411394717 8
0.05965448411394717 8
0.05965448411394717 8
0.05965448411394717 8
0.05965448411394717 8
0.05965448411394717 8
0.05965448411394717 8
0.05965448411394717 8
0.05965448411394717 8
0.05965370305183753 8
0.05965370305183753 8
0.05965370305183753 8
0.05965370305183753 8
0.05965370305183753 8
0.05965370305183753 8
0.05965370305183753 8
0.05965370305183753 8
0.05965370305183753 8
0.05965370305183753 8
0.05965370305183753 8
0.05965370305183753 8
0.05965370305183753 8
0.05965370305183753 8
0.05965370305183753 8
0.05965370305183753 8
0.05965370305183753 8
0.05965370305183753 8
0.05965370305183753 8
0.05964991998479161 8
0.05964991998479161 8
0.05964991998479161 8
0.05964991998479161 8
0.05964991998479161 8
0.05964991998479161 8
0.05964991998479161 8
0.05964991998479161 8
0.05964991998479161 8
0.05964991998479161 8
0.05964991998479161 8
0.05964991998479161 8
0.05964991998479161 8
0.05964991998479161 8
0.05964991998479161 8
0.05964991998479161 8
0.05964991998479161 8
0.05964991998479161 8
0.05964991998479161 8
0.05964991998479161 8
0.05964991998479161 8
0.05964991998479161 8
0.05964991998479161 8
0.05964991998479161 8
0.05964991998479161 8
0.05964991998479161 8
0.05964991998479161 8
0.05964991998479161 8
0.05964991998479161 8
0.05964991998479161 8
0.05964991998479161 8
0.05964991998479161 8
0.05964991998479161 8
0.05964991998479161 8
0.05964991998479161 8
0.05964991998479161 8
0.05964991998479161 8
0.05964991998479161 8
0.05964991998479161 8
0.05964991998479161 8
0.05964991998479161 8
0.05964991998479161 8
0.05964991998479161 8
0.05964991998479161 8
0.05964991998479161 8
0.05964991998479161 8
0.05964991998479161 8
0.05964991998479161 8
0.05964991998479161 8
0.05964991998479161 8
0.05964991998479161 8
0.05964991998479161 8
0.05964991998479161 8
0.05964991998479161 8
0.05964991998479161 8
0.05964991998479161 8
0.05964991998479161 8
0.05964991998479161 8
0.05964991998479161 8
0.05964991998479161 8
0.05964991998479161 8
0.05964991998479161 8
0.05964991998479161 8
0.05964991998479161 8
0.05964991998479161 8
0.05964991998479161 8
0.05964991998479161 8
0.05964991998479161 8
0.05964991998479161 8
0.05964991998479161 8
0.05964991998479161 8
0.05964991998479161 8
0.05964991998479161 8
0.05964991998479161 8
0.05964991998479161 8
0.05964991998479161 8
0.05964991998479161 8
0.05964991998479161 8
0.05964991998479161 8
0.05964991998479161 8
0.05964991998479161 8
0.05964991998479161 8
0.05964991998479161 8
0.05964991998479161 8
0.05964991998479161 8
0.05964991998479161 8
0.05964991998479161 8
0.05964991998479161 8
0.05964991998479161 8
0.05964991998479161 8
0.05964991998479161 8
0.05964991998479161 8
0.05964991998479161 8
0.05964991998479161 8
0.05964991998479161 8
0.05964991998479161 8
0.05964991998479161 8
0.05964991998479161 8
0.05964991998479161 8
0.05964991998479161 8
0.05964991998479161 8
0.05964991998479161 8
0.05964991998479161 8
0.05964991998479161 8
0.05964991998479161 8
0.05964991998479161 8
0.05964991998479161 8
0.05964991998479161 8
0.05964991998479161 8
0.05964991998479161 8
0.05964991998479161 8
0.05964991998479161 8
0.05964991998479161 8
0.05964991998479161 8
0.05964991998479161 8
0.05964991998479161 8
0.05964991998479161 8
0.05964991998479161 8
0.05964991998479161 8
0.05964991998479161 8
0.05964991998479161 8
0.05964991998479161 8
0.05964991998479161 8
0.05964991998479161 8
0.05964991998479161 8
0.05964991998479161 8
0.05964991998479161 8
0.05964991998479161 8
0.059646939424811425 8
0.059646939424811425 8
0.05964671380173948 8
0.05964671380173948 8
0.05964671380173948 8
0.05964671380173948 8
0.05964671380173948 8
0.05964671380173948 8
0.05964671380173948 8
0.05964671380173948 8
0.05964671380173948 8
0.05964671380173948 8
0.05964671380173948 8
0.05964671380173948 8
0.05964671380173948 8
0.05964671380173948 8
0.05964671380173948 8
0.05964605639293645 8
0.05964605639293645 8
0.05964605639293645 8
0.05964605639293645 8
0.05964605639293645 8
0.05964605639293645 8
0.05964605639293645 8
0.05964605639293645 8
0.05964605639293645 8
0.05964605639293645 8
0.05964605639293645 8
0.05964605639293645 8
0.05964605639293645 8
0.05964605639293645 8
0.05964605639293645 8
0.05964605639293645 8
0.05964605639293645 8
0.05964605639293645 8
0.05964605639293645 8
0.05964605639293645 8
0.05964605639293645 8
0.05964605639293645 8
0.05964605639293645 8
0.05964605639293645 8
0.05964605639293645 8
0.05964605639293645 8
0.05964581139477108 8
0.05964581139477108 8
0.05964581139477108 8
0.05964581139477108 8
0.05964581139477108 8
0.05964581139477108 8
0.05964581139477108 8
0.05964581139477108 8
0.05964581139477108 8
0.05964581139477108 8
0.05964577485029275 8
0.05964577485029275 8
0.05964577485029275 8
0.05964577485029275 8
0.05964577485029275 8
0.05964577485029275 8
0.05964577485029275 8
0.05964577485029275 8
0.05964577485029275 8
0.05964577485029275 8
0.05964577485029275 8
0.05964577485029275 8
0.05964577485029275 8
0.05964577485029275 8
0.05964577485029275 8
0.05964577485029275 8
0.05964577485029275 8
0.05964577485029275 8
0.05964577485029275 8
0.05964577485029275 8
0.05964577485029275 8
0.05964577485029275 8
0.05964577485029275 8
0.05964577485029275 8
0.059645733409779335 8
0.059645733409779335 8
0.059645733409779335 8
0.059645733409779335 8
0.059645733409779335 8
0.059645733409779335 8
0.059645733409779335 8
0.059645733409779335 8
0.059645733409779335 8
0.059645733409779335 8
0.059645733409779335 8
0.059645733409779335 8
0.059645733409779335 8
0.059645733409779335 8
0.059645733409779335 8
0.059645733409779335 8
0.059645733409779335 8
0.059645733409779335 8
0.059645733409779335 8
0.059645733409779335 8
0.059645733409779335 8
0.059645733409779335 8
0.059645733409779335 8
0.059645733409779335 8
0.059645733409779335 8
0.059645733409779335 8
0.059645733409779335 8
0.059645733409779335 8
0.059645733409779335 8
0.059645733409779335 8
0.059645733409779335 8
0.059645733409779335 8
0.059645733409779335 8
0.059645733409779335 8
0.059645733409779335 8
0.059645733409779335 8
0.059645733409779335 8
0.059645733409779335 8
0.059645733409779335 8
0.059645733409779335 8
0.059645733409779335 8
0.059645733409779335 8
0.059645733409779335 8
0.059645733409779335 8
0.059645733409779335 8
0.059645733409779335 8
0.059645733409779335 8
0.059645733409779335 8
0.059645733409779335 8
0.059645733409779335 8
0.059645733409779335 8
0.059645733409779335 8
0.059645733409779335 8
0.059645733409779335 8
0.059645733409779335 8
0.059645733409779335 8
0.059645733409779335 8
0.059645733409779335 8
0.059645733409779335 8
0.059645733409779335 8
0.059645733409779335 8
0.059645733409779335 8
0.059645733409779335 8
0.059645733409779335 8
0.059645733409779335 8
0.059645733409779335 8
0.059645733409779335 8
0.059645733409779335 8
0.059645733409779335 8
0.059645733409779335 8
0.059645733409779335 8
0.059645733409779335 8
0.059645733409779335 8
0.059645733409779335 8
0.059645733409779335 8
0.059645733409779335 8
0.059645733409779335 8
0.059645733409779335 8
0.059645733409779335 8
0.059645733409779335 8
0.059645733409779335 8
0.059645733409779335 8
0.059645733409779335 8
0.059645733409779335 8
0.059645733409779335 8
0.059645733409779335 8
0.059645733409779335 8
0.059645733409779335 8
0.059645733409779335 8
0.059645733409779335 8
0.059645733409779335 8
0.059645733409779335 8
0.059645733409779335 8
0.059645733409779335 8
0.059645733409779335 8
0.059645733409779335 8
0.059645733409779335 8
0.059645733409779335 8
0.059645733409779335 8
0.059645733409779335 8
0.059645733409779335 8
0.059645733409779335 8
0.059645733409779335 8
0.059645733409779335 8
0.059645733409779335 8
0.059645733409779335 8
0.059645733409779335 8
0.059645733409779335 8
0.059645733409779335 8
0.059645733409779335 8
0.059645733409779335 8
0.059645733409779335 8
0.059645733409779335 8
0.059645733409779335 8
0.059645733409779335 8
0.059645733409779335 8
0.059645733409779335 8
0.059645733409779335 8
0.059645733409779335 8
0.059645733409779335 8
0.059645733409779335 8
0.059645733409779335 8
0.059645733409779335 8
0.059645733409779335 8
0.059645733409779335 8
0.059645733409779335 8
0.059645733409779335 8
0.059645733409779335 8
0.059645733409779335 8
0.059645733409779335 8
0.059645733409779335 8
0.059645733409779335 8
0.059645733409779335 8
0.059645733409779335 8
0.059645733409779335 8
0.059645733409779335 8
0.059645733409779335 8
0.059645733409779335 8
0.059645733409779335 8
0.059645733409779335 8
0.059645733409779335 8
0.059645733409779335 8
0.059645733409779335 8
0.059645733409779335 8
0.059645733409779335 8
0.05964570672698392 8
0.05964570672698392 8
0.05964570672698392 8
0.05964570672698392 8
0.05964570672698392 8
0.05964570672698392 8
0.05964570672698392 8
0.05964570672698392 8
0.05964570672698392 8
0.05964570672698392 8
0.05964570672698392 8
0.05964570672698392 8
0.05964570672698392 8
0.05964570672698392 8
0.05964570672698392 8
0.05964570672698392 8
0.05964570672698392 8
0.05964570672698392 8
0.05964570672698392 8
0.05964570672698392 8
0.05964561847464276 8
0.05964561847464276 8
0.05964561847464276 8
0.05964561847464276 8
0.05964561847464276 8
0.05964561847464276 8
0.0596456046462112 8
0.0596456046462112 8
0.0596456046462112 8
0.0596456046462112 8
0.0596456046462112 8
0.0596456046462112 8
0.0596456046462112 8
0.0596456046462112 8
0.0596456046462112 8
0.0596456046462112 8
0.0596456046462112 8
0.0596456046462112 8
0.0596456046462112 8
0.0596456046462112 8
0.0596456046462112 8
0.05966191042829151 8
0.05966191042829151 8
0.05996549186169657 8
0.05996549186169657 8
0.05996549186169657 8
0.05996549186169657 8
0.05996549186169657 8
0.05996549186169657 8
0.05996549186169657 8
0.05996549186169657 8
0.05996549186169657 8
0.05996549186169657 8
0.05996549186169657 8
0.05996549186169657 8
0.05996549186169657 8
0.05996549186169657 8
0.05996549186169657 8
0.05996549186169657 8
0.05996549186169657 8
0.05996549186169657 8
0.05996549186169657 8
0.05996549186169657 8
0.05996549186169657 8
0.05996549186169657 8
0.05996053534325408 8
0.05996053534325408 8
0.05996053534325408 8
0.05996052337509802 8
0.05996052337509802 8
0.05996052337509802 8
0.05996052337509802 8
0.05996052337509802 8
0.05996052337509802 8
0.05996052337509802 8
0.05996052337509802 8
0.05996052337509802 8
0.05996052337509802 8
0.05996052337509802 8
0.05996052337509802 8
0.05996052337509802 8
0.05996052337509802 8
0.05996052337509802 8
0.05996052337509802 8
0.05996052337509802 8
0.059685717049649416 8
0.059685717049649416 8
0.059685717049649416 8
0.059685717049649416 8
0.059685717049649416 8
0.059685717049649416 8
0.059685717049649416 8
0.059685717049649416 8
0.059685717049649416 8
0.059685717049649416 8
0.059685717049649416 8
0.059685717049649416 8
0.059685717049649416 8
0.059685717049649416 8
0.059685717049649416 8
0.059685717049649416 8
0.059685717049649416 8
0.059685717049649416 8
0.059685717049649416 8
0.059685717049649416 8
0.059685717049649416 8
0.059685717049649416 8
0.059685717049649416 8
0.059685717049649416 8
0.059685717049649416 8
0.059685717049649416 8
0.05968565539782034 8
0.05968565539782034 8
0.05968565539782034 8
0.05968565539782034 8
0.05968565539782034 8
0.05968565539782034 8
0.05968565539782034 8
0.05968565539782034 8
0.05968565539782034 8
0.05968565539782034 8
0.05968565539782034 8
0.05968565539782034 8
0.05968565539782034 8
0.05968565539782034 8
0.05968565539782034 8
0.05968565539782034 8
0.05968419334616026 8
0.059684168227677636 8
0.059684168227677636 8
0.059684168227677636 8
0.059684168227677636 8
0.059684168227677636 8
0.059684168227677636 8
0.059684168227677636 8
0.059684168227677636 8
0.05968413322338471 8
0.05968413322338471 8
0.05968413322338471 8
0.05968413322338471 8
0.05968413322338471 8
0.05968413322338471 8
0.05968413322338471 8
0.05968413322338471 8
0.05968413322338471 8
0.05968413322338471 8
0.05968413322338471 8
0.05968413322338471 8
0.05968413322338471 8
0.05968413322338471 8
0.05968413322338471 8
0.05968413322338471 8
0.05968413322338471 8
0.05968413322338471 8
0.05968413322338471 8
0.05968413322338471 8
0.05968413322338471 8
0.05968413322338471 8
0.05968413322338471 8
0.05968413322338471 8
0.05968413322338471 8
0.05968413322338471 8
0.05968413322338471 8
0.05968413322338471 8
0.05968413322338471 8
0.05968413322338471 8
0.059684122927415366 8
0.059684122927415366 8
0.059684122927415366 8
0.059684122927415366 8
0.059684122927415366 8
0.059684122927415366 8
0.059684122927415366 8
0.059684122927415366 8
0.059684122927415366 8
0.059684122927415366 8
0.059684122927415366 8
0.059684122927415366 8
0.059684122927415366 8
0.059684122927415366 8
0.059684122927415366 8
0.059684122927415366 8
0.059684122927415366 8
0.059684122927415366 8
0.059684122927415366 8
0.059709746667711 8
0.059709746667711 8
0.059709746667711 8
0.059709746667711 8
0.059709746667711 8
0.059709746667711 8
0.059709746667711 8
0.059709746667711 8
0.059709746667711 8
0.059709746667711 8
0.059709746667711 8
0.059709746667711 8
0.059709746667711 8
0.059709746667711 8
0.059709746667711 8
0.059709746667711 8
0.059709746667711 8
0.059709746667711 8
0.059709746667711 8
0.059709746667711 8
0.059709746667711 8
0.059709746667711 8
0.059709746667711 8
0.059709746667711 8
0.059709746667711 8
0.059709746667711 8
0.059709746667711 8
0.059709746667711 8
0.059709746667711 8
0.059709746667711 8
0.059709746667711 8
0.059709746667711 8
0.059709746667711 8
0.059709746667711 8
0.059709746667711 8
0.059709746667711 8
0.059709746667711 8
0.059709746667711 8
0.059709746667711 8
0.059709746667711 8
0.059709746667711 8
0.059709746667711 8
0.059709746667711 8
0.059709746667711 8
0.059709746667711 8
0.059709746667711 8
0.059709746667711 8
0.059709746667711 8
0.059709746667711 8
0.059709746667711 8
0.059709746667711 8
0.059709746667711 8
0.059709746667711 8
0.059709746667711 8
0.059709746667711 8
0.059709746667711 8
0.059709746667711 8
0.059709746667711 8
0.059709746667711 8
0.059709746667711 8
0.059709746667711 8
0.059709746667711 8
0.059709746667711 8
0.059709746667711 8
0.059709746667711 8
0.059709746667711 8
0.059709746667711 8
0.059709746667711 8
0.059709746667711 8
0.059709746667711 8
0.059709746667711 8
0.059709746667711 8
0.059709746667711 8
0.059709746667711 8
0.059709746667711 8
0.059709746667711 8
0.059709746667711 8
0.059709746667711 8
0.059709746667711 8
0.059709746667711 8
0.059709746667711 8
0.05964801849569571 8
0.05964801849569571 8
0.05964801849569571 8
0.05964801849569571 8
0.05964801849569571 8
0.05964801849569571 8
0.05964801849569571 8
0.05964801849569571 8
0.05964801849569571 8
0.05964801849569571 8
0.05964801849569571 8
0.05964801849569571 8
0.05964801849569571 8
0.05964801849569571 8
