0.03534231279050604 7
0.03406220960035884 7
0.03366465428626161 7
0.031282214153998726 7
0.03088912668291172 7
0.03045862831922041 7
0.028845790113693384 7
0.028845790113693384 7
0.028582231695885713 7
0.028435144488712417 7
0.02749652146546664 7
0.02749652146546664 7
0.027324610252290903 7
0.027318942068470773 7
0.02703959034873502 7
0.02700230185948755 7
0.026868321486710336 7
0.026632878637991433 7
0.026627685023692577 7
0.02661615504852331 7
0.026453027082041773 7
0.02626443675669366 7
0.02626443675669366 7
0.026080307197983304 7
0.026080307197983304 7
0.025920177588654364 7
0.025920177588654364 7
0.025855078046406927 7
0.025855078046406927 7
0.025855078046406927 7
0.025839839414974575 7
0.02579651666207645 7
0.02579651666207645 7
0.025788978917422014 7
0.025730785248449097 7
0.025730785248449097 7
0.025730785248449097 7
0.02571699599229446 7
0.02571699599229446 7
0.02571544770667499 7
0.025704796400010967 7
0.025703358873592264 7
0.02570332944982616 7
0.02570001770986144 7
0.02569904464836456 7
0.025694003756457136 7
0.025694003756457136 7
0.025694003756457136 7
0.02569066515277958 7
0.02569066515277958 7
0.02569066515277958 7
0.025688607837164045 7
0.025685941054846232 7
0.025685885185171585 7
0.025684957323732174 7
0.025684612210678415 7
0.025682896094345507 7
0.025681652729226383 7
0.025681652729226383 7
0.025681652729226383 7
0.025681216882170524 7
0.025681216882170524 7
0.025680573309833494 7
0.025680573309833494 7
0.025679264058053902 7
0.025679264058053902 7
0.025679264058053902 7
0.025678615291936387 7
0.025678615291936387 7
0.025678615291936387 7
0.02567855527424034 7
0.02567855527424034 7
0.025678257037465502 7
0.025678257037465502 7
0.025678257037465502 7
0.025678257037465502 7
0.025678037587984967 7
0.025677983128991597 7
0.025677983128991597 7
0.025677955308314404 7
0.025677955308314404 7
0.02567713918944614 7
0.02567713918944614 7
0.025675699930903677 7
0.02566940387861459 7
0.025669403825607912 7
0.025664095045776804 7
0.025658649477530292 7
0.02565759985419102 7
0.025626191394717154 7
0.025604152425975368 7
0.025599861195735464 7
0.025599861195735464 7
0.02559881922306444 7
0.02559881907733701 7
0.02559231500211244 7
0.02559231500211244 7
0.025591679131987996 7
0.025574090120997393 7
0.025527781177949724 7
0.025527781177949724 7
0.02552717296721398 7
0.02552611075200407 7
0.025523905714607345 7
0.025523905714607345 7
0.025523905714607345 7
0.025523902285417364 7
0.025523902285417364 7
0.025523902285417364 7
0.025523831734212514 7
0.025523824986734982 7
0.025523732492483263 7
0.025523732492483263 7
0.02552360847080862 7
0.025523570549945664 7
0.025523497379481987 7
0.025523495060300178 7
0.025523451399449698 7
0.02552344054369063 7
0.025523400948947544 7
0.025523400948947544 7
0.02552335145679275 7
0.025523265364977725 7
0.025523255353220975 7
0.025523255353220975 7
0.025523243366739487 7
0.025523237960966123 7
0.02552323557546967 7
0.02552323008954168 7
0.02552323008954168 7
0.02552323008954168 7
0.025523225138689695 7
0.025523222834981294 7
0.025523220942906433 7
0.025523216155565305 7
0.025523216155565305 7
0.025523216155565305 7
0.025523142771808494 7
0.025523142771808494 7
0.025523142771808494 7
0.025523141450683 7
0.025523141450683 7
0.02552313947482835 7
0.02552313757572042 7
0.02552313757572042 7
0.025523136388580902 7
0.025523136388580902 7
0.025523135124635887 7
0.025523135124635887 7
0.025523134096531754 7
0.025523132847781328 7
0.025523132847781328 7
0.025523131786407766 7
0.025523131786407766 7
0.025523131786407766 7
0.025523131786407766 7
0.02551458487441377 7
0.02551426238388823 7
0.02551426203710673 7
0.02551425531216564 7
0.025514255295705057 7
0.025514182441812194 7
0.02551418223116043 7
0.02551418223116043 7
0.025514178802323803 7
0.025514178474781622 7
0.025514177509252604 7
0.025514177509252604 7
0.025514167404761843 7
0.025514167404761843 7
0.02551416736449282 7
0.025514166351583375 7
0.025514166351583375 7
0.025514165539600637 7
0.025514164876384596 7
0.025514164876384596 7
0.025514164876384596 7
0.025514164876384596 7
0.025514164876384596 7
0.025514158621890843 7
0.025514158309900628 7
0.025514158201959215 7
0.025514158201959215 7
0.025514158201959215 7
0.025514157654951092 7
0.025514152298742775 7
0.025514152075562874 7
0.02551415172356285 7
0.02551415172356285 7
0.025514146879167452 7
0.025514146826926227 7
0.025514146752402957 7
0.02551414242647954 7
0.025514141906511224 7
0.025514141906511224 7
0.025514137404270165 7
0.02551413733990824 7
0.02551413733990824 7
0.025514137323723065 7
0.02551413719225868 7
0.025514136929366025 7
0.025514133967759044 7
0.02551413374796265 7
0.02551413374796265 7
0.02551413374796265 7
0.02551413374796265 7
0.02551413334961575 7
0.025514133172105217 7
0.025514132909641926 7
0.025514132395357436 7
0.025514132395357436 7
0.025514132395357436 7
0.02551413216812791 7
0.02551413110033573 7
0.02551413110033573 7
0.025514131074693195 7
0.025514131074693195 7
0.02551413100919585 7
0.025514130973910185 7
0.025514130973910185 7
0.02551413097253243 7
0.02551413096424817 7
0.025514130963004252 7
0.02551413058598766 7
0.02551413058598766 7
0.025514130559432267 7
0.025514130543762323 7
0.025514130543762323 7
0.025514130537635883 7
0.025514130500681107 7
0.02551395220631212 7
0.02551395220631212 7
0.02551395216868096 7
0.02551395216868096 7
0.02551395216868096 7
0.025513950134817193 7
0.025513950120262988 7
0.02551392601475064 7
0.02551392601475064 7
0.02551392601475064 7
0.025513925999602304 7
0.025513925986969027 7
0.02551392598695821 7
0.02551392598695821 7
0.02551392598695821 7
0.025513925970914116 7
0.025513925970518273 7
0.025513925969590137 7
0.025513925969244015 7
0.025513925969244015 7
0.025513925969143175 7
0.025513925968310664 7
0.025513925968310664 7
0.025513925968310664 7
0.025513925968310664 7
0.02551392596830996 7
0.02551392596830996 7
0.02551392596830996 7
0.02551392596830996 7
0.02551392596830996 7
0.025513924781331163 7
0.025513924781331163 7
0.025513924781331163 7
0.025513924781331063 7
0.025513924781331063 7
0.025513922307501068 7
0.025513922307501068 7
0.025513922286835817 7
0.025513922286835817 7
0.02551392113725546 7
0.02551392113158661 7
0.025513921098105928 7
0.02551392109710874 7
0.02551392109710874 7
0.02551392109710874 7
0.02551392109710874 7
0.025513921060391177 7
0.025513921058859593 7
0.025513921058859593 7
0.025513921055631984 7
0.02551392105526397 7
0.02551392105526397 7
0.02551392105526397 7
0.02551392105526397 7
0.025513921055263965 7
0.025513921055263965 7
0.025513921055263965 7
0.025513921055263965 7
0.025513921055263965 7
0.025513921055263965 7
0.025513921055263965 7
0.025513921055263965 7
0.025513921055263965 7
0.025513921055263965 7
0.025513921055263965 7
0.025513921055263965 7
0.025513921055263965 7
0.025513921055263965 7
0.025513921055263965 7
0.025513921055263965 7
0.02551391981242102 7
0.02551391981242102 7
0.02551391981242102 7
0.02551391980702433 7
0.02551391980702433 7
0.025513919787995276 7
0.025513919786162575 7
0.025513919783999504 7
0.025513919783999504 7
0.025513919783999504 7
0.02551391978348009 7
0.02551391978348009 7
0.02551391978348009 7
0.02551391978348009 7
0.02551391978348009 7
0.025513919783409836 7
0.025513919783409836 7
0.025513919783409836 7
0.025513919783409836 7
0.025513919783409836 7
0.025513919783409836 7
0.025513919783409836 7
0.025513919471796775 7
0.025513919471796775 7
0.025513919471796775 7
0.025513919286547747 7
0.025513919049461993 7
0.025513919049461993 7
0.025513919049461993 7
0.025513918951950734 7
0.025513918668466508 7
0.025513918668466508 7
0.02551391861810665 7
0.025513918566089203 7
0.02551391856197343 7
0.025513918508805775 7
0.025513918129110875 7
0.025513918129110875 7
0.025513918129110868 7
0.025510077517538882 7
0.025510077517538882 7
0.025510077517538882 7
0.025510077442323417 7
0.025510061972293573 7
0.025510050132222423 7
0.025510050132222423 7
0.02551000798332188 7
0.02551000798332188 7
0.025510005761055127 7
0.025510005761055127 7
0.025510005761055127 7
0.02551000535302901 7
0.02551000535302901 7
0.02551000535302901 7
0.02551000535302901 7
0.02551000535302901 7
0.025510003344558153 7
0.025510003343247305 7
0.025510003338467816 7
0.02551000293964913 7
0.02551000293964907 7
0.02551000293964907 7
0.02551000293964907 7
0.02551000293964907 7
0.025510002926975552 7
0.025510002926445476 7
0.025510002926445414 7
0.025510002926445414 7
0.025510002926445414 7
0.025510002869651046 7
0.025510002869095858 7
0.025510002865939862 7
0.025510002865939862 7
0.0255100028642526 7
0.025510002864252597 7
0.025510002864252538 7
0.025510002864252538 7
0.025510002864252538 7
0.025510002864252538 7
0.025510002864252538 7
0.025510002864252538 7
0.025510002864252538 7
0.025510002864252538 7
0.025510002864252538 7
0.025510002864252538 7
0.025510002864252538 7
0.025510002864252538 7
0.025510002864252538 7
0.025510002864252538 7
0.025510002864252538 7
0.025510002864252538 7
0.025510002864252538 7
0.025510002864252538 7
0.025510002864252538 7
0.025510002864252538 7
0.025510002864252538 7
0.025510002343043882 7
0.025510002343043882 7
0.025510002343043882 7
0.02551000232712282 7
0.02551000145228797 7
0.02551000145228797 7
0.025510001436067273 7
0.025510000946691654 7
0.025510000945994208 7
0.02551000092335347 7
0.02551000092335347 7
0.025510000920626205 7
0.025510000920526018 7
0.02551000092050964 7
0.02551000092050964 7
0.025510000918257825 7
0.025510000889140353 7
0.025510000889140353 7
0.025510000889140353 7
0.025510000889140353 7
0.025510000889140353 7
0.025510000889140353 7
0.025510000889140353 7
0.025510000889140353 7
0.025510000888440312 7
0.025510000888440312 7
0.025510000888440302 7
0.025510000888440302 7
0.025510000888440302 7
0.025510000888440302 7
0.025510000888440302 7
0.025510000888440302 7
0.025510000888440302 7
0.025510000888440302 7
0.025510000888440302 7
0.025510000888440302 7
0.025510000888440302 7
0.025510000888440302 7
0.025510000888440302 7
0.025510000888440302 7
0.025510000888440302 7
0.025510000888440302 7
0.025510000888440302 7
0.025510000888440302 7
0.025510000888440302 7
0.025510000888440302 7
0.025510000888440302 7
0.025510000888440302 7
0.025510000888440302 7
0.025510000888440302 7
0.025510000888440302 7
0.025510000888440302 7
0.025510000888440302 7
0.025510000888440302 7
0.025510000888440302 7
0.025510000888440302 7
0.025510000888440302 7
0.025510000888440302 7
0.025510000888440302 7
0.025510000888440302 7
0.025510000888440302 7
0.025510000888440302 7
0.025510000888440302 7
0.025510000888440302 7
0.025510000888440302 7
0.025510000888440302 7
0.025510000888440302 7
0.025510000888440302 7
0.025510000888440302 7
0.025510000888440302 7
0.025510000888440302 7
0.025510000888440302 7
0.025510000888440302 7
0.025510000888440302 7
0.025510000888440302 7
0.025510000888440302 7
0.025510000888440302 7
0.025510000888440302 7
0.025510000888440302 7
0.025510000888440302 7
0.025510000888440302 7
0.025510000888440302 7
0.025510000888440302 7
0.025510000888440302 7
0.025510000888440302 7
0.025510000888440302 7
0.025510000888440302 7
0.025510000888440302 7
0.025510000787306353 7
0.025510000787306353 7
0.025510000620037616 7
0.025510000620037616 7
0.025510000545862804 7
0.025510000545862804 7
0.025510000545862804 7
0.02551000043520816 7
0.025510000434375256 7
0.025510000277237307 7
0.025510000274764147 7
0.025510000270158994 7
0.025510000270158994 7
0.025510000270158994 7
0.025510000270158994 7
0.025510000270129597 7
0.02551000026910994 7
0.02551000026910994 7
0.02551000026910994 7
0.02551000026910994 7
0.02551000026910994 7
0.02551000026910994 7
0.02551000026910994 7
0.025510000269107543 7
0.02551000026910431 7
0.025510000269099987 7
0.025510000269099987 7
0.025510000228822816 7
0.025510000228822816 7
0.025510000198052916 7
0.025510000198052916 7
0.025510000160691767 7
0.025510000157394845 7
0.025510000156578647 7
0.025510000153903624 7
0.025510000153756564 7
0.02551000015297679 7
0.025510000152503078 7
0.025510000151840087 7
0.025510000151840087 7
0.025510000151823243 7
0.025510000151823243 7
0.025510000151823243 7
0.025510000106115052 7
0.025510000106115052 7
0.025510000106115052 7
0.025510000105594132 7
0.025510000105580834 7
0.025510000105580834 7
0.02551000010558083 7
0.025509999898687793 7
0.025509999850966046 7
0.025509999850310005 7
0.025509999850310005 7
0.025509999850310005 7
0.02550999984805135 7
0.025509999846321477 7
0.025509999846321477 7
0.025509999846299057 7
0.025509999846299057 7
0.02550999984629105 7
0.025509999846228558 7
0.025509999846228558 7
0.025509999846228558 7
0.025509999846228558 7
0.025509999846228558 7
0.025509999846228558 7
0.025509999846228558 7
0.025509999846228558 7
0.025509999846228558 7
0.025509999846228558 7
0.025509999846228558 7
0.025509999846228558 7
0.025509999846228558 7
0.025509999846228558 7
0.025509999846228558 7
0.025509999846228558 7
0.025509999846228558 7
0.025509999846228558 7
0.025509999846228558 7
0.025509999846228558 7
0.025509999846228558 7
0.025509999846228558 7
0.025509999846228558 7
0.025509999846228558 7
0.025509999846228558 7
0.025509999846228558 7
0.025509999846228558 7
0.025509999846228558 7
0.025509999846228558 7
0.025509999846228558 7
0.025509999846228558 7
0.025509999846228558 7
0.025509999846228558 7
0.025509999846228558 7
0.025509999846228558 7
0.025509999846228558 7
0.025509999846228558 7
0.025509999846228558 7
0.025509999846228558 7
0.025509999846228558 7
0.025509999846228558 7
0.025509999846228558 7
0.025509999846228558 7
0.025509999846228558 7
0.025509999846228558 7
0.025509999846228558 7
0.025509999846228558 7
0.025509999846228558 7
0.025509999846228558 7
0.025509999846228558 7
0.025509999846228558 7
0.025509999846228558 7
0.025509999846228558 7
0.025509999846228558 7
0.025509999846228558 7
0.025509999846228558 7
0.025509999846228558 7
0.025509999846228558 7
0.025509999846228558 7
0.025509999846228558 7
0.025509999846228558 7
0.025509999841578042 7
0.025509999841578042 7
0.025509999841578042 7
0.025509999841492128 7
0.025509999841492128 7
0.025509999841457 7
0.025509999841457 7
0.025509999841457 7
0.025509999841457 7
0.025509999841457 7
0.02550999984138743 7
0.02550999984138743 7
0.02550999984138743 7
0.02550999984138743 7
0.02550999984138743 7
0.02550999984138743 7
0.02550999984138743 7
0.02550999984138743 7
0.02550999984138743 7
0.02550999984138743 7
0.02550999984138743 7
0.02550999984138743 7
0.02550999984138743 7
0.02550999984138743 7
0.02550999984138743 7
0.02550999984138743 7
0.02550999984138743 7
0.02550999984138743 7
0.02550999984138743 7
0.02550999984138743 7
0.02550999984138743 7
0.02550999984138743 7
0.02550999984138743 7
0.02550999984138743 7
0.02550999984138743 7
0.02550999984138743 7
0.02550999984138743 7
0.02550999984138743 7
0.02550999984138743 7
0.02550999984138743 7
0.02550999984138743 7
0.02550999984138743 7
0.02550999984138743 7
0.02550999984138743 7
0.02550999984138743 7
0.02550999984138743 7
0.02550999984138743 7
0.025509999837524448 7
0.025509999837524448 7
0.02550999983636394 7
0.02550999983628905 7
0.025509999835611617 7
0.025509999835611617 7
0.025509999835611617 7
0.025509999834979813 7
0.025509999834979813 7
0.025509999834973266 7
0.025509999834973266 7
0.025509999834906073 7
0.025509999834906073 7
0.025509999834906073 7
0.025509999834906073 7
0.025509999834906073 7
0.025509999834906073 7
0.025509999834906073 7
0.025509999834906073 7
0.025509999834906073 7
0.025509999834906073 7
0.025509999834906073 7
0.025509999834906073 7
0.025509999834906073 7
0.025509999834906073 7
0.025509999834906073 7
0.025509999834906073 7
0.025509999834906073 7
0.025509999834906073 7
0.025509999834906073 7
0.025509999834906073 7
0.025509999834906073 7
0.025509999834906073 7
0.025509999834906073 7
0.025509999834906073 7
0.025509999834906073 7
0.025509999834906073 7
0.025509999834906073 7
0.025509999834906073 7
0.025509999834906073 7
0.025509999834906073 7
0.025509999834906073 7
0.025509999834906073 7
0.025509999834906073 7
0.025509999834906073 7
0.025509999834906073 7
0.025509999834906073 7
0.025509999834906073 7
0.025509999834906073 7
0.025509999834906073 7
0.025509999834906073 7
0.025509999834906073 7
0.025509999834906073 7
0.025509999834906073 7
0.025509999834906073 7
0.025509999834906073 7
0.025509999834906073 7
0.025509999834906073 7
0.025509999834906073 7
0.025509999834906073 7
0.025509999834906073 7
0.025509999834906073 7
0.025509999834906073 7
0.025509999834906073 7
0.025509999834906073 7
0.025509999834906073 7
0.025509999834906073 7
0.025509999834906073 7
0.025509999834906073 7
0.025509999834906073 7
0.0255099998309659 7
0.0255099998309659 7
0.0255099998309659 7
0.0255099998309659 7
0.02550999983096584 7
0.025509999830965142 7
0.025509999830965142 7
0.025509999830965135 7
0.025509999830965135 7
0.025509999830965135 7
0.025509999830965135 7
0.025509999830965135 7
0.025509999830965135 7
0.025509999830965135 7
0.025509999830965135 7
0.025509999830965135 7
0.025509999830965135 7
0.025509999830965135 7
0.025509999830965135 7
0.025509999830965135 7
0.025509999830965135 7
0.025509999830965135 7
0.025509999830965135 7
0.025509999830965135 7
0.025509999830965135 7
0.025509999830965135 7
0.025509999830965135 7
0.025509999830965135 7
0.025509999830965135 7
0.025509999830965135 7
0.025509999830965135 7
0.025509999830965135 7
0.025509999830965135 7
0.025509999830965135 7
0.025509999830965135 7
0.025509999830965135 7
0.025509999830965135 7
0.025509999830965135 7
0.025509999830965135 7
0.025509999830965135 7
0.025509999830965135 7
0.025509999830965135 7
0.025509999830965135 7
0.025509999830965135 7
0.025509999830965135 7
0.025509999830965135 7
0.025509999830965135 7
0.025509999830965135 7
0.025509999830965135 7
0.025509999830965135 7
0.025509999830965135 7
0.025509999830965135 7
0.025509999830965135 7
0.025509999830965135 7
0.025509999830965135 7
0.025509999830965135 7
0.025509999830965135 7
0.025509999830965135 7
0.025509999830965135 7
0.025509999830965135 7
0.025509999830965135 7
0.025509999830965135 7
0.025509999830965135 7
0.025509999830965135 7
0.025509999830965135 7
0.025509999830965135 7
0.025509999830965135 7
0.025509999830965135 7
0.025509999830965135 7
0.025509999816046312 7
0.025509999816046312 7
0.025509999816046312 7
0.02550999981599093 7
0.025509999815876674 7
0.025509999815876674 7
0.025509999815783817 7
0.025509999815338972 7
0.025509999815338972 7
0.025509999815338972 7
0.025509999815338972 7
0.025509999815338972 7
0.025509999815338972 7
0.025509999815338972 7
0.02550999981298619 7
0.02550999981298619 7
0.025509999812986187 7
0.025509999812986187 7
0.025509999812277542 7
0.02550999981169379 7
0.02550999981168474 7
0.02550999981164394 7
0.02550999981164394 7
0.02550999981160572 7
0.02550999981160572 7
0.02550999981160572 7
0.02550999981160572 7
0.02550999981160572 7
0.02550999981160572 7
0.02550999981160572 7
0.02550999981160572 7
0.02550999981160572 7
0.02550999981160572 7
0.02550999981160572 7
0.02550999981160572 7
0.02550999981160572 7
0.02550999981160572 7
0.02550999981160572 7
0.02550999981160572 7
0.02550999981160572 7
0.02550999981160572 7
0.02550999981160572 7
0.02550999981160572 7
0.02550999981160572 7
0.02550999981160572 7
0.02550999981160572 7
0.02550999981160572 7
0.02550999981160572 7
0.02550999981160572 7
0.02550999981160572 7
0.02550999981160572 7
0.02550999981160572 7
0.02550999981160572 7
0.02550999981160572 7
0.02550999981160572 7
0.02550999981160572 7
0.02550999981160572 7
0.02550999981160572 7
0.02550999981160572 7
0.02550999981160572 7
0.02550999981160572 7
0.02550999981160572 7
0.02550999981160572 7
0.02550999981160572 7
0.02550999981160572 7
0.02550999981160572 7
0.02550999981160572 7
0.02550999981160572 7
0.02550999981160572 7
0.02550999981160572 7
0.02550999981160572 7
0.02550999981160572 7
0.02550999981160572 7
0.02550999981160572 7
0.02550999981160572 7
0.02550999981160572 7
0.02550999981160572 7
0.02550999981160572 7
0.02550999981160572 7
0.02550999981160572 7
0.02550999981160572 7
0.02550999981160572 7
0.02550999981160572 7
0.02550999981160572 7
0.02550999981160572 7
0.02550999981160572 7
0.02550999981160572 7
0.02550999981160572 7
0.02550999981160572 7
0.02550999981160572 7
0.02550999981160572 7
0.02550999981160572 7
0.02550999981160572 7
0.02550999981160572 7
0.02550999981160572 7
0.02550999981160572 7
0.02550999981160572 7
0.02550999981160572 7
0.02550999981160572 7
0.02550999981160572 7
0.02550999981160572 7
0.02550999981160572 7
0.02550999981160572 7
0.02550999981160572 7
0.02550999981160572 7
0.02550999981160572 7
0.02550999981160572 7
0.02550999981160572 7
0.02550999981160572 7
0.02550999981160572 7
0.02550999981160572 7
0.02550999981160572 7
0.02550999981160572 7
0.02550999981160572 7
0.02550999981160572 7
0.02550999981160572 7
0.02550999981160572 7
0.02550999981160572 7
0.02550999981160572 7
0.02550999981160572 7
0.02550999981160572 7
0.02550999981160572 7
0.02550999981160572 7
0.02550999981160572 7
0.02550999981160572 7
0.02550999981160572 7
0.02550999981160572 7
0.02550999981160572 7
0.02550999981160572 7
0.02550999981160572 7
0.02550999981160572 7
0.02550999981160572 7
0.02550999981160572 7
0.02550999981160572 7
0.02550999981160572 7
0.02550999981160572 7
0.02550999981160572 7
0.02550999981160572 7
0.02550999981160572 7
0.02550999981160572 7
0.02550999981160572 7
0.02550999981160572 7
0.02550999981160572 7
0.02550999981160572 7
0.02550999981160572 7
0.02550999981160572 7
0.02550999981160572 7
0.02550999981160572 7
0.02550999981160572 7
0.02550999981160572 7
0.02550999981160572 7
0.02550999981160572 7
0.02550999981160572 7
0.02550999981160572 7
0.02550999981160572 7
0.02550999981160572 7
0.02550999981160572 7
0.02550999981160572 7
0.02550999981160572 7
0.02550999981160572 7
0.02550999981160572 7
0.02550999981160572 7
0.02550999981160572 7
0.02550999981160572 7
0.02550999981160572 7
0.02550999981160572 7
0.02550999974470625 7
0.02550999974470625 7
0.02550999974470625 7
0.02550999974470625 7
0.02550999974448797 7
0.02550999974448797 7
0.025509999744287158 7
0.02550999974428705 7
0.025509999744277798 7
0.025509999744277798 7
0.025509999744277798 7
0.025509999744277798 7
0.025509999744277798 7
0.025509999744277798 7
0.025509999744277798 7
0.025509999686721366 7
0.025509999686721366 7
0.025509999686721366 7
0.025509999686721366 7
0.025509999686721366 7
0.02550999968464479 7
0.02550999968400413 7
0.02550999968400413 7
0.02550999968400413 7
0.02550999968400413 7
0.02550999968400413 7
0.02550999968400413 7
0.02550999968400413 7
0.02550999968400413 7
0.02550999968400413 7
0.02550999968400413 7
0.02550999968400413 7
0.02550999968400413 7
0.02550999968400413 7
0.02550999968400413 7
0.02550999968400413 7
0.02550999968400413 7
0.02550999968400413 7
0.02550999968400413 7
0.02550999968400413 7
0.02550999968400413 7
0.02550999968400413 7
0.02550999968400413 7
0.02550999968400413 7
0.02550999968400413 7
0.02550999968400413 7
0.02550999968400413 7
0.02550999968400413 7
0.02550999968400413 7
0.02550999968400413 7
0.02550999968400413 7
0.02550999968400413 7
0.02550999968400413 7
0.02550999968400413 7
0.02550999968400413 7
0.02550999968400413 7
0.02550999968400413 7
0.02550999968400413 7
0.02550999968400413 7
0.02550999968400413 7
0.02550999968400413 7
0.02550999968400413 7
0.02550999968400413 7
0.02550999968400413 7
0.02550999968400413 7
0.02550999968400413 7
0.02550999968400413 7
0.02550999968400413 7
0.02550999968400413 7
0.02550999968400413 7
0.02550999968400413 7
0.02550999968400413 7
0.02550999968400413 7
0.02550999968400413 7
0.02550999968400413 7
0.02550999968400413 7
0.02550999968400413 7
0.02550999968400413 7
0.02550999968400413 7
0.02550999968400413 7
0.02550999968400413 7
0.02550999968400413 7
0.02550999968400413 7
0.02550999968400413 7
0.02550999968400413 7
0.02550999968400413 7
0.02550999968400413 7
0.02550999968400413 7
0.02550999968400413 7
0.02550999968400413 7
0.02550999968400413 7
0.02550999968400413 7
0.02550999968400413 7
0.02550999968400413 7
0.02550999968400413 7
0.02550999968400413 7
0.02550999968400413 7
0.02550999968400413 7
0.02550999968400413 7
0.02550999968400413 7
0.02550999968400413 7
0.02550999968400413 7
0.02550999968400413 7
0.02550999968400413 7
0.02550999968400413 7
0.02550999968400413 7
0.025509999681522483 7
0.025509999681522483 7
0.025509999681522483 7
0.025509999681522483 7
0.025509999681522483 7
0.025509999681522483 7
0.025509999681522483 7
0.025509999681515533 7
0.025509999681515533 7
0.025509999681515533 7
0.025509999681515533 7
0.025509999681515533 7
0.025509999681515533 7
0.025509999681515533 7
0.025509999681515533 7
0.025509999681515533 7
0.025509999681515533 7
0.025509999681515533 7
0.025509999681515533 7
0.025509999681515533 7
0.025509999681515533 7
0.025509999681515533 7
0.025509999681515533 7
0.025509999681515533 7
0.025509999681515533 7
0.025509999681515533 7
0.025509999681515533 7
0.025509999681515533 7
0.025509999681515533 7
0.025509999681515533 7
0.025509999681515533 7
0.025509999681515533 7
0.025509999681515533 7
0.025509999681515533 7
0.025509999681515533 7
0.025509999681515533 7
0.025509999681515533 7
0.025509999681515533 7
0.025509999677392592 7
0.025509999677392592 7
0.025509999677392592 7
0.025509999677392592 7
0.02550999967738746 7
0.02550999967738746 7
0.025509999677335405 7
0.025509999677307164 7
0.025509999677307164 7
0.02550999967730238 7
0.025509999638076673 7
0.025509999638076673 7
0.025509999638076673 7
0.025509999638076673 7
0.0255099996374632 7
0.0255099996374632 7
0.0255099996374632 7
0.0255099996374632 7
0.0255099996374632 7
0.0255099996374632 7
0.0255099996374632 7
0.0255099996374632 7
0.0255099996374632 7
0.0255099996374632 7
0.0255099996374632 7
0.0255099996374632 7
0.0255099996374632 7
0.0255099996374632 7
0.0255099996374632 7
0.0255099996374632 7
0.0255099996374632 7
0.0255099996374632 7
0.0255099996374632 7
0.0255099996374632 7
0.0255099996374632 7
0.0255099996374632 7
0.0255099996374632 7
0.0255099996374632 7
0.0255099996374632 7
0.0255099996374632 7
0.0255099996374632 7
0.0255099996374632 7
0.0255099996374632 7
0.0255099996374632 7
0.0255099996374632 7
0.0255099996374632 7
0.0255099996374632 7
0.0255099996374632 7
0.0255099996374632 7
0.0255099996374632 7
0.0255099996374632 7
0.0255099996374632 7
0.0255099996374632 7
0.0255099996374632 7
0.0255099996374632 7
0.0255099996374632 7
0.0255099996374632 7
0.0255099996374632 7
0.0255099996374632 7
0.0255099996374632 7
0.0255099996374632 7
0.0255099996374632 7
0.0255099996374632 7
0.0255099996374632 7
0.0255099996374632 7
0.0255099996374632 7
0.0255099996374632 7
0.0255099996374632 7
0.0255099996374632 7
0.0255099996374632 7
0.0255099996374632 7
0.0255099996374632 7
0.0255099996374632 7
0.0255099996374632 7
0.0255099996374632 7
0.0255099996374632 7
0.0255099996374632 7
0.0255099996374632 7
0.0255099996374632 7
0.0255099996374632 7
0.0255099996374632 7
0.0255099996374632 7
0.0255099996374632 7
0.0255099996374632 7
0.0255099996374632 7
0.0255099996374632 7
0.0255099996374632 7
0.0255099996374632 7
0.0255099996374632 7
0.0255099996374632 7
0.0255099996374632 7
0.0255099996374632 7
0.0255099996374632 7
0.0255099996374632 7
0.0255099996374632 7
0.0255099996374632 7
0.0255099996374632 7
0.0255099996374632 7
0.0255099996374632 7
0.0255099996374632 7
0.0255099996374632 7
0.0255099996374632 7
0.0255099996374632 7
0.0255099996374632 7
0.0255099996374632 7
0.0255099996374632 7
0.0255099996374632 7
0.0255099996374632 7
0.0255099996374632 7
0.0255099996374632 7
0.0255099996374632 7
0.0255099996374632 7
0.0255099996374632 7
0.0255099996374632 7
0.0255099996374632 7
0.0255099996374632 7
0.0255099996374632 7
0.0255099996374632 7
0.0255099996374632 7
0.0255099996374632 7
0.0255099996374632 7
0.0255099996374632 7
0.0255099996374632 7
0.0255099996374632 7
0.0255099996374632 7
0.0255099996374632 7
0.0255099996374632 7
0.0255099996374632 7
0.0255099996374632 7
0.0255099996374632 7
0.0255099996374632 7
0.0255099996374632 7
0.0255099996374632 7
0.0255099996374632 7
0.0255099996374632 7
0.0255099996374632 7
0.0255099996374632 7
0.0255099996374632 7
0.0255099996374632 7
0.0255099996374632 7
0.0255099996374632 7
0.0255099996374632 7
0.0255099996374632 7
0.0255099996374632 7
0.0255099996374632 7
0.025509999636608213 7
0.025509999636608063 7
0.025509999636608063 7
0.025509999636599577 7
0.025509999636599577 7
0.025509999636587843 7
0.025509999636587843 7
0.025509999636587843 7
0.025509999636587843 7
0.025509999636587843 7
0.025509999636587843 7
0.025509999636587843 7
0.025509999636587843 7
0.025509999636587843 7
0.025509999636587843 7
0.025509999636587843 7
0.025509999636587843 7
0.025509999636587843 7
0.025509999636587843 7
0.025509999636587843 7
0.025509999636587843 7
0.025509999636587843 7
0.025509999636587843 7
0.025509999636587843 7
0.025509999636587843 7
0.025509999636587843 7
0.025509999636587843 7
0.025509999636587843 7
0.025509999636587843 7
0.025509999636587843 7
0.025509999636587843 7
0.025509999636587843 7
0.025509999636587843 7
0.025509999636587843 7
0.025509999636587843 7
0.025509999636587843 7
0.025509999636587843 7
0.025509999636587843 7
0.025509999636587843 7
0.025509999636587843 7
0.025509999636587843 7
0.025509999636587843 7
0.025509999636587843 7
0.025509999636587843 7
0.025509999636587843 7
0.025509999636587843 7
0.025509999636587843 7
0.025509999636587843 7
0.025509999636587843 7
0.025509999636587843 7
0.025509999636587843 7
0.025509999636587843 7
0.025509999636587843 7
0.025509999636587843 7
0.025509999636587843 7
0.025509999636587843 7
0.025509999636587843 7
0.025509999636587843 7
0.025509999636587843 7
0.025509999636587843 7
0.025509999636587843 7
0.025509999636587843 7
0.025509999636587843 7
0.025509999636587843 7
0.025509999636587843 7
0.025509999636587843 7
0.025509999636587843 7
0.025509999636587843 7
0.025509999636587843 7
0.025509999636587843 7
0.025509999636587843 7
0.025509999636587843 7
0.025509999636587843 7
0.025509999636587843 7
0.025509999636587843 7
0.025509999636587843 7
0.025509999636587843 7
0.025509999636587843 7
0.025509999636587843 7
0.025509999636587843 7
0.025509999636587843 7
0.025509999636587843 7
0.025509999636587843 7
0.025509999636587843 7
0.025509999636587843 7
0.025509999636587843 7
0.025509999636587843 7
0.025509999636587843 7
0.025509999636587843 7
0.025509999636587843 7
0.025509999636587843 7
0.025509999636587843 7
0.025509999636587843 7
0.025509999636587843 7
0.025509999636587843 7
0.025509999636587843 7
0.025509999636587843 7
0.025509999636587843 7
0.025509999636587843 7
0.025509999636587843 7
0.025509999636587843 7
0.025509999636587843 7
0.025509999636587843 7
0.025509999636587843 7
0.025509999636587843 7
0.025509999636587843 7
0.025509999636587843 7
0.025509999636587843 7
0.025509999636587843 7
0.025509999636587843 7
0.025509999636587843 7
0.025509999636587843 7
0.025509999636587843 7
0.025509999636587843 7
0.025509999636587843 7
0.025509999636587843 7
0.025509999636587843 7
0.025509999636587843 7
0.025509999636587843 7
0.025509999636587843 7
0.025509999636587843 7
0.025509999636587843 7
0.025509999636587843 7
0.025509999636587843 7
0.025509999636587843 7
0.025509999636587843 7
0.025509999636587843 7
0.025509999636587843 7
0.025509999636587843 7
0.025509999636587843 7
0.025509999636587843 7
0.025509999636587843 7
0.025509999636587843 7
0.025509999636587843 7
0.025509999636587843 7
0.025509999636587843 7
0.025509999636587843 7
0.025509999636587843 7
0.025509999636587843 7
0.025509999636587843 7
0.025509999636587843 7
0.025509999636587843 7
0.025509999636587843 7
0.025509999636587843 7
0.025509999636587843 7
0.025509999636587843 7
0.025509999636587843 7
0.025509999636587843 7
0.025509999636587843 7
0.025509999636587843 7
0.025509999636587843 7
0.025509999636587843 7
0.025509999636587843 7
0.025509999636587843 7
0.025509999636587843 7
0.025509999636587843 7
0.025509999636587843 7
0.025509999636587843 7
0.025509999636587843 7
0.025509999636587843 7
0.025509999636587843 7
0.025509999636587843 7
0.025509999636587843 7
0.025509999636587843 7
0.025509999636587843 7
0.025509999636587843 7
0.025509999636587843 7
0.025509999636587843 7
0.025509999636587843 7
0.025509999636587843 7
0.025509999636587843 7
0.025509999636587843 7
0.025509999636587843 7
0.025509999636587843 7
0.025509999636587843 7
0.025509999636587843 7
0.025509999636587843 7
0.025509999636587843 7
0.025509999636587843 7
0.025509999636587843 7
0.025509999636587843 7
0.025509999636587843 7
0.025509999636587843 7
0.025509999636587843 7
0.025509999636587843 7
0.025509999636587843 7
0.025509999636587843 7
0.025509999636587843 7
0.025509999636587843 7
0.025509999636587843 7
0.025509999636587843 7
0.025509999636587843 7
0.025509999636587843 7
0.025509999636587843 7
0.025509999636587843 7
0.025509999636587843 7
0.025509999636587843 7
0.025509999636587843 7
0.025509999636587843 7
0.025509999636587843 7
0.025509999636587843 7
0.025509999636587843 7
0.025509999636587843 7
0.025509999636587843 7
0.025509999636587843 7
0.025509999636587843 7
0.025509999636587843 7
0.025509999636587843 7
0.025509999636587843 7
0.025509999636587843 7
0.025509999636587843 7
0.025509999636587843 7
0.025509999636587843 7
0.025509999636587843 7
0.025509999636587843 7
0.025509999636587843 7
0.025509999636587843 7
0.025509999636587843 7
0.025509999636587843 7
0.025509999636587843 7
0.025509999636587843 7
0.025509999636587843 7
0.025509999636587843 7
0.025509999636587843 7
0.025509999636587843 7
0.025509999636587843 7
0.025509999636587843 7
0.025509999636587843 7
0.025509999636587843 7
0.025509999636587843 7
0.025509999636587843 7
0.025509999636587843 7
0.025509999636587843 7
0.025509999636587843 7
0.025509999636587843 7
0.025509999636587843 7
0.025509999636587843 7
0.025509999636587843 7
0.025509999636587843 7
0.025509999636587843 7
0.025509999636587843 7
0.025509999636587843 7
0.025509999636587843 7
0.025509999636587843 7
0.025509999636587843 7
0.025509999636587843 7
0.025509999636587843 7
0.025509999636587843 7
0.025509999636587843 7
0.025509999636587843 7
0.025509999636587843 7
0.025509999636587843 7
0.025509999636587843 7
