1 8
0.034946595276563706 8
0.033320300981992484 8
0.033320300981992484 8
0.033201124584123325 8
0.032929475939842724 8
0.031512931806590906 8
0.03247451278370064 8
0.03247451278370064 8
0.032171389133152505 8
0.032171389133152505 8
0.032171389133152505 8
0.032171389133152505 8
0.032171389133152505 8
0.03206832552158057 8
0.03206832552158057 8
0.030750357449767715 8
0.030750357449767715 8
0.030750357449767715 8
0.030750357449767715 8
0.030750357449767715 8
0.030750357449767715 8
0.030069699807485393 8
0.028739669516492053 8
0.028739669516492053 8
0.028739669516492053 8
0.028739669516492053 8
0.028739669516492053 8
0.028739669516492053 8
0.028739669516492053 8
0.028739669516492053 8
0.028739669516492053 8
0.028739669516492053 8
0.028739669516492053 8
0.028739669516492053 8
0.028739669516492053 8
0.028739669516492053 8
0.028739669516492053 8
0.028739669516492053 8
0.028739669516492053 8
0.028739669516492053 8
0.028739669516492053 8
0.028739669516492053 8
0.028739669516492053 8
0.028739669516492053 8
0.028739669516492053 8
0.028739669516492053 8
0.028739669516492053 8
0.028739669516492053 8
0.028739669516492053 8
0.028739669516492053 8
0.028739669516492053 8
0.028739669516492053 8
0.028739669516492053 8
0.027203507787286807 8
0.027203507787286807 8
0.027203507787286807 8
0.027203507787286807 8
0.027203507787286807 8
0.027203507787286807 8
0.027203507787286807 8
0.027203507787286807 8
0.027203507787286807 8
0.027203507787286807 8
0.027203507787286807 8
0.027203507787286807 8
0.027203507787286807 8
0.027203507787286807 8
0.027203507787286807 8
0.027203507787286807 8
0.026798037719250725 8
0.026798037719250725 8
0.026419443749212852 8
0.026419443749212852 8
0.026419443749212852 8
0.026419443749212852 8
0.026419443749212852 8
0.026419443749212852 8
0.026419443749212852 8
0.026419443749212852 8
0.026419443749212852 8
0.026419443749212852 8
0.026419443749212852 8
0.026419443749212852 8
0.026419443749212852 8
0.026419443749212852 8
0.026419443749212852 8
0.026419443749212852 8
0.026419443749212852 8
0.026419443749212852 8
0.026419443749212852 8
0.026419443749212852 8
0.027755957911385968 8
0.027755957911385968 8
0.027755957911385968 8
0.027755957911385968 8
0.027755957911385968 8
0.027755957911385968 8
0.027755957911385968 8
0.027755957911385968 8
0.027755957911385968 8
0.027755957911385968 8
0.027755957911385968 8
0.02774489154552158 8
0.026622640649551558 8
0.026622640649551558 8
0.026622640649551558 8
0.026622640649551558 8
0.026622640649551558 8
0.026622640649551558 8
0.026622640649551558 8
0.026622640649551558 8
0.026622640649551558 8
0.026622640649551558 8
0.026622640649551558 8
0.026697296609787237 8
0.026697296609787237 8
0.026697296609787237 8
0.026697296609787237 8
0.026697296609787237 8
0.026697296609787237 8
0.026697296609787237 8
0.026726728186633106 8
0.026726728186633106 8
0.026726728186633106 8
0.026726728186633106 8
0.026726728186633106 8
0.026726728186633106 8
0.026888899844659725 8
0.026888899844659725 8
0.026888899844659725 8
0.026888899844659725 8
0.026888899844659725 8
0.026888899844659725 8
0.026888899844659725 8
0.026888899844659725 8
0.026888899844659725 8
0.026888899844659725 8
0.026888899844659725 8
0.026888899844659725 8
0.026683086552424896 8
0.026683086552424896 8
0.026683086552424896 8
0.026683086552424896 8
0.02540228400478922 8
0.02540228400478922 8
0.02540228400478922 8
0.025210112063716136 8
0.025210112063716136 8
0.025210112063716136 8
0.025210112063716136 8
0.025210112063716136 8
0.025210112063716136 8
0.025210112063716136 8
0.025210112063716136 8
0.025210112063716136 8
0.025210112063716136 8
0.025210112063716136 8
0.025210112063716136 8
0.025210112063716136 8
0.025210112063716136 8
0.025210112063716136 8
0.025210112063716136 8
0.025210112063716136 8
0.025210112063716136 8
0.025210112063716136 8
0.02517885548268784 8
0.02614039074811482 8
0.02614039074811482 8
0.02614039074811482 8
0.02614039074811482 8
0.026034169406118614 8
0.026034169406118614 8
0.026034169406118614 8
0.02595121038596891 8
0.025881985237242923 8
0.025881985237242923 8
0.025881985237242923 8
0.025881985237242923 8
0.025881985237242923 8
0.025881985237242923 8
0.025881985237242923 8
0.025881985237242923 8
0.025881985237242923 8
0.025881985237242923 8
0.025881985237242923 8
0.025881985237242923 8
0.025836646378862516 8
0.025836646378862516 8
0.025836646378862516 8
0.025836646378862516 8
0.025836646378862516 8
0.025836646378862516 8
0.025836646378862516 8
0.025836646378862516 8
0.025836646378862516 8
0.025836646378862516 8
0.025836646378862516 8
0.025836646378862516 8
0.02531782709025613 8
0.02524125902760891 8
0.02524125902760891 8
0.02524125902760891 8
0.02524125902760891 8
0.02524125902760891 8
0.02524125902760891 8
0.02524125902760891 8
0.02524125902760891 8
0.02524125902760891 8
0.02524125902760891 8
0.02524125902760891 8
0.02524125902760891 8
0.025236462906960144 8
0.025236462906960144 8
0.025236462906960144 8
0.025236462906960144 8
0.025142021050189232 8
0.025142021050189232 8
0.025096101270673576 8
0.025096101270673576 8
0.025025182305236236 8
0.025025182305236236 8
0.025025182305236236 8
0.025025182305236236 8
0.025025182305236236 8
0.025025182305236236 8
0.025029410699743 8
0.025029410699743 8
0.02492323561684007 8
0.02492323561684007 8
0.02492323561684007 8
0.02492323561684007 8
0.02492323561684007 8
0.02492323561684007 8
0.02492323561684007 8
0.02492323561684007 8
0.02492323561684007 8
0.02492323561684007 8
0.02492323561684007 8
0.02492323561684007 8
0.02492323561684007 8
0.02492323561684007 8
0.02492323561684007 8
0.02492323561684007 8
0.02492323561684007 8
0.02492323561684007 8
0.02492323561684007 8
0.02492323561684007 8
0.02492323561684007 8
0.02492323561684007 8
0.02492323561684007 8
0.02492323561684007 8
0.02492323561684007 8
0.02492323561684007 8
0.02492323561684007 8
0.02492323561684007 8
0.02492323561684007 8
0.02492323561684007 8
0.024921248136837975 8
0.024921248136837975 8
0.024921248136837975 8
0.02499087173038422 8
0.02499053996627503 8
0.02499053996627503 8
0.02499053996627503 8
0.02499053996627503 8
0.02499053996627503 8
0.02499053996627503 8
0.02499053996627503 8
0.02499053996627503 8
0.02499053996627503 8
0.02499053996627503 8
0.02499053996627503 8
0.02499053996627503 8
0.02499053996627503 8
0.02499053996627503 8
0.025014698055242576 8
0.025014698055242576 8
0.025014698055242576 8
0.025014698055242576 8
0.025014698055242576 8
0.025014698055242576 8
0.025014698055242576 8
0.025014698055242576 8
0.025014698055242576 8
0.025014698055242576 8
0.025014698055242576 8
0.025014698055242576 8
0.025014698055242576 8
0.025014698055242576 8
0.025014698055242576 8
0.025014698055242576 8
0.025014698055242576 8
0.025014698055242576 8
0.025014698055242576 8
0.025014698055242576 8
0.025014698055242576 8
0.025014698055242576 8
0.025014698055242576 8
0.025014698055242576 8
0.025014698055242576 8
0.025014698055242576 8
0.025014698055242576 8
0.025014698055242576 8
0.025014698055242576 8
0.025014698055242576 8
0.025014698055242576 8
0.025014698055242576 8
0.025014698055242576 8
0.025014698055242576 8
0.025014698055242576 8
0.025014698055242576 8
0.02501340114791002 8
0.02501340114791002 8
0.02501340114791002 8
0.02500278826186173 8
0.02500278826186173 8
0.02500278826186173 8
0.02500278826186173 8
0.02500278826186173 8
0.02500278826186173 8
0.02500278826186173 8
0.02500278826186173 8
0.02499624822201517 8
0.02499624822201517 8
0.02499624822201517 8
0.02499624822201517 8
0.02499624822201517 8
0.02499624822201517 8
0.02499624822201517 8
0.02499624822201517 8
0.02499624822201517 8
0.02499624822201517 8
0.02499624822201517 8
0.02499624822201517 8
0.02499624822201517 8
0.02499624822201517 8
0.02499624822201517 8
0.02499624822201517 8
0.02499624822201517 8
0.02499624822201517 8
0.02495360037647358 8
0.02495360037647358 8
0.02495360037647358 8
0.02495360037647358 8
0.02495360037647358 8
0.02495360037647358 8
0.02495360037647358 8
0.02495360037647358 8
0.02495360037647358 8
0.02495360037647358 8
0.02495360037647358 8
0.02495360037647358 8
0.02495360037647358 8
0.02495360037647358 8
0.02495360037647358 8
0.02495360037647358 8
0.02495360037647358 8
0.02495360037647358 8
0.02495360037647358 8
0.02495360037647358 8
0.02495360037647358 8
0.02495360037647358 8
0.02495360037647358 8
0.02495360037647358 8
0.02495360037647358 8
0.02495360037647358 8
0.02495360037647358 8
0.02495360037647358 8
0.02495360037647358 8
0.02495360037647358 8
0.02495360037647358 8
0.02495360037647358 8
0.02495360037647358 8
0.02495360037647358 8
0.02495360037647358 8
0.024950476048110598 8
0.024950476048110598 8
0.024950476048110598 8
0.024950476048110598 8
0.024946119466288587 8
0.024946119466288587 8
0.024946119466288587 8
0.024946119466288587 8
0.024946119466288587 8
0.024946119466288587 8
0.024946119466288587 8
0.024946119466288587 8
0.024946119466288587 8
0.024946119466288587 8
0.024946119466288587 8
0.024946119466288587 8
0.024946119466288587 8
0.024946119466288587 8
0.024946119466288587 8
0.024946119466288587 8
0.02492071617614246 8
0.02491605691960609 8
0.02491605691960609 8
0.02491605691960609 8
0.02491605691960609 8
0.02491605691960609 8
0.02491605691960609 8
0.02491605691960609 8
0.02491605691960609 8
0.024910470751684198 8
0.024910470751684198 8
0.024910470751684198 8
0.024910470751684198 8
0.024910470751684198 8
0.024910470751684198 8
0.024910470751684198 8
0.024910470751684198 8
0.024910470751684198 8
0.024910470751684198 8
0.024910470751684198 8
0.024910470751684198 8
0.024910470751684198 8
0.024910470751684198 8
0.024910470751684198 8
0.024910470751684198 8
0.024910470751684198 8
0.024910470751684198 8
0.024910470751684198 8
0.024910470751684198 8
0.024910470751684198 8
0.024910470751684198 8
0.024910470751684198 8
0.024910470751684198 8
0.024910470751684198 8
0.024910470751684198 8
0.024910470751684198 8
0.02491990263941453 8
0.02491990263941453 8
0.02491990263941453 8
0.02491990263941453 8
0.02491990263941453 8
0.02491990263941453 8
0.02491990263941453 8
0.024876096304125468 8
0.024876096304125468 8
0.024876096304125468 8
0.024876096304125468 8
0.024876096304125468 8
0.024876096304125468 8
0.024876096304125468 8
0.024876096304125468 8
0.024876096304125468 8
0.024876029071867683 8
0.024876029071867683 8
0.024876029071867683 8
0.024876029071867683 8
0.024876029071867683 8
0.024876029071867683 8
0.024876029071867683 8
0.024876029071867683 8
0.024876029071867683 8
0.024876029071867683 8
0.024876029071867683 8
0.024876029071867683 8
0.024876029071867683 8
0.024876029071867683 8
0.024876029071867683 8
0.024876029071867683 8
0.024876029071867683 8
0.024876029071867683 8
0.024876029071867683 8
0.024876029071867683 8
0.024876029071867683 8
0.024876029071867683 8
0.024876029071867683 8
0.024876029071867683 8
0.024873466863681953 8
0.024873466863681953 8
0.024873466863681953 8
0.024873466863681953 8
0.024873466863681953 8
0.024873466863681953 8
0.024873466863681953 8
0.024873466863681953 8
0.024873466863681953 8
0.024873466863681953 8
0.024873466863681953 8
0.024873466863681953 8
0.024873466863681953 8
0.024873466863681953 8
0.024873466863681953 8
0.024873466863681953 8
0.024873466863681953 8
0.024873466863681953 8
0.024873466863681953 8
0.024873466863681953 8
0.02486854016133659 8
0.02486854016133659 8
0.02486854016133659 8
0.024862865259103882 8
0.024862865259103882 8
0.024862865259103882 8
0.024862865259103882 8
0.024862865259103882 8
0.024862865259103882 8
0.024862865259103882 8
0.024862865259103882 8
0.024862865259103882 8
0.024862865259103882 8
0.024862865259103882 8
0.024862865259103882 8
0.024860094527761847 8
0.024860094527761847 8
0.024860094527761847 8
0.024860094527761847 8
0.024860094527761847 8
0.024860094527761847 8
0.024860094527761847 8
0.024860094527761847 8
0.024860094527761847 8
0.024860094527761847 8
0.024860094527761847 8
0.024858564824634395 8
0.024858564824634395 8
0.024858564824634395 8
0.024858564824634395 8
0.024858564824634395 8
0.024858564824634395 8
0.024858564824634395 8
0.024858564824634395 8
0.024858564824634395 8
0.024858564824634395 8
0.024855652244141293 8
0.024855652244141293 8
0.024855652244141293 8
0.024855652244141293 8
0.024855652244141293 8
0.024855652244141293 8
0.024855652244141293 8
0.024855652244141293 8
0.024855652244141293 8
0.024855652244141293 8
0.024855652244141293 8
0.02485452954404542 8
0.02485452954404542 8
0.02485452954404542 8
0.02529406582739614 8
0.02529406582739614 8
0.02529406582739614 8
0.02529406582739614 8
0.02529406582739614 8
0.025264516154899615 8
0.025264516154899615 8
0.025264516154899615 8
0.025264516154899615 8
0.025264516154899615 8
0.025264516154899615 8
0.025264516154899615 8
0.025264516154899615 8
0.025264516154899615 8
0.025264516154899615 8
0.025264516154899615 8
0.024915823399672535 8
0.024887212392303012 8
0.024887212392303012 8
0.024887212392303012 8
0.024887212392303012 8
0.024887212392303012 8
0.024887212392303012 8
0.024887212392303012 8
0.024887212392303012 8
0.024887212392303012 8
0.024887212392303012 8
0.024887212392303012 8
0.024887212392303012 8
0.024887212392303012 8
0.024887212392303012 8
0.024887212392303012 8
0.024887212392303012 8
0.024887212392303012 8
0.024887212392303012 8
0.024887212392303012 8
0.024887212392303012 8
0.024887212392303012 8
0.024887212392303012 8
0.024887212392303012 8
0.024887212392303012 8
0.02488702754269954 8
0.02488702754269954 8
0.02488702754269954 8
0.02488702754269954 8
0.02488702754269954 8
0.02488702754269954 8
0.02488702754269954 8
0.024876097274063105 8
0.024876097274063105 8
0.024876097274063105 8
0.024876097274063105 8
0.024876097274063105 8
0.024876097274063105 8
0.024876097274063105 8
0.024920206816696888 8
0.024920206816696888 8
0.024920206816696888 8
0.024920206816696888 8
0.024920206816696888 8
0.024920206816696888 8
0.024920206816696888 8
0.024920206816696888 8
0.02491998508910988 8
0.02491998508910988 8
0.024918110855737387 8
0.024918110855737387 8
0.024918110855737387 8
0.024918110855737387 8
0.024918110855737387 8
0.024916320770581032 8
0.024916320770581032 8
0.024916320770581032 8
0.02488531116340915 8
0.02488531116340915 8
0.02488531116340915 8
0.02488531116340915 8
0.02488531116340915 8
0.024852295884744514 8
0.024852295884744514 8
0.024852295884744514 8
0.024852295884744514 8
0.024852295884744514 8
0.024852295884744514 8
0.024852295884744514 8
0.024852295884744514 8
0.02485255489159797 8
0.02485255489159797 8
0.02485255489159797 8
0.02485255489159797 8
0.02485255489159797 8
0.02485255489159797 8
0.02485255489159797 8
0.02485255489159797 8
0.02485255489159797 8
0.02485255489159797 8
0.02485255489159797 8
0.02485255489159797 8
0.02485255489159797 8
0.02485255489159797 8
0.02485255489159797 8
0.02485255489159797 8
0.02485255489159797 8
0.02485255489159797 8
0.02485255489159797 8
0.02485255489159797 8
0.02485255489159797 8
0.02485255489159797 8
0.02485255489159797 8
0.02485255489159797 8
0.02485255489159797 8
0.02485255489159797 8
0.02485255489159797 8
0.02485255489159797 8
0.02485255489159797 8
0.02485255489159797 8
0.02485255489159797 8
0.02485255489159797 8
0.02485255489159797 8
0.02485255489159797 8
0.02485255489159797 8
0.02485255489159797 8
0.02485255489159797 8
0.02485255489159797 8
0.02485255489159797 8
0.02485255489159797 8
0.02485255489159797 8
0.02485255489159797 8
0.02485255489159797 8
0.02485255489159797 8
0.02485255489159797 8
0.02485255489159797 8
0.02485255489159797 8
0.02485255489159797 8
0.02485255489159797 8
0.02485255489159797 8
0.02485255489159797 8
0.02485255489159797 8
0.02485255489159797 8
0.02485255489159797 8
0.02485255489159797 8
0.02485255489159797 8
0.02485255489159797 8
0.02485255489159797 8
0.02485255489159797 8
0.02485255489159797 8
0.02485255489159797 8
0.02485255489159797 8
0.02485255489159797 8
0.024852479346569218 8
0.024852479346569218 8
0.024852479346569218 8
0.024852479346569218 8
0.024852479346569218 8
0.024852479346569218 8
0.024852479346569218 8
0.024852479346569218 8
0.024852479346569218 8
0.024852479346569218 8
0.024852479346569218 8
0.024852479346569218 8
0.024852479346569218 8
0.024852479346569218 8
0.024852479346569218 8
0.024852479346569218 8
0.024852479346569218 8
0.024852479346569218 8
0.024852479346569218 8
0.024852479346569218 8
0.024852479346569218 8
0.024852272798777577 8
0.024852272798777577 8
0.024852272798777577 8
0.024852272798777577 8
0.024852272798777577 8
0.024852272798777577 8
0.024851913543260516 8
0.024851913543260516 8
0.024851913543260516 8
0.024851913543260516 8
0.024851913543260516 8
0.024851913543260516 8
0.024851913543260516 8
0.024851913543260516 8
0.024851913543260516 8
0.024851913543260516 8
0.024851913543260516 8
0.024851913543260516 8
0.024851913543260516 8
0.024851913543260516 8
0.024851913543260516 8
0.02487665807932211 8
0.02487665807932211 8
0.02487665807932211 8
0.02487665807932211 8
0.02487665807932211 8
0.02487665807932211 8
0.02487665807932211 8
0.02487665807932211 8
0.02487665807932211 8
0.02487665807932211 8
0.02487665807932211 8
0.02487665807932211 8
0.02487665807932211 8
0.02487665807932211 8
0.02487665807932211 8
0.02487665807932211 8
0.02487665807932211 8
0.02487665807932211 8
0.02487665807932211 8
0.02487665807932211 8
0.02487665807932211 8
0.02487665807932211 8
0.02487665807932211 8
0.02487665507266098 8
0.02487665507266098 8
0.02487665507266098 8
0.02487665507266098 8
0.02487665507266098 8
0.02487665507266098 8
0.02487665507266098 8
0.02487665507266098 8
0.02487665507266098 8
0.02487665507266098 8
0.02487665507266098 8
0.02487665507266098 8
0.02487665507266098 8
0.02487665507266098 8
0.02487665507266098 8
0.02487665507266098 8
0.02487665507266098 8
0.02487665507266098 8
0.02487665507266098 8
0.02487665507266098 8
0.02487665507266098 8
0.02487665507266098 8
0.02487665507266098 8
0.02487665507266098 8
0.02487665507266098 8
0.02487665507266098 8
0.02487665507266098 8
0.02487665507266098 8
0.02487665507266098 8
0.02487665507266098 8
0.024876554421311682 8
0.024876554421311682 8
0.024876554421311682 8
0.024876554421311682 8
0.024876554421311682 8
0.024876554421311682 8
0.024876554421311682 8
0.024876554421311682 8
0.024876554421311682 8
0.024876554421311682 8
0.024876554421311682 8
0.024876554421311682 8
0.024876554421311682 8
0.024876554421311682 8
0.024876554421311682 8
0.024876554421311682 8
0.024876554421311682 8
0.024876554421311682 8
0.024876554421311682 8
0.024876554421311682 8
0.024876554421311682 8
0.024876554421311682 8
0.024876554421311682 8
0.024876554421311682 8
0.024876554421311682 8
0.024876554421311682 8
0.024876554421311682 8
0.024876545414078403 8
0.024876545414078403 8
0.024876545414078403 8
0.024876545414078403 8
0.024876545414078403 8
0.024876545414078403 8
0.024876545414078403 8
0.024876545414078403 8
0.024876545414078403 8
0.024876531661848306 8
0.024876531661848306 8
0.024876531661848306 8
0.024876531661848306 8
0.024876531661848306 8
0.024876531661848306 8
0.024876531661848306 8
0.024876531661848306 8
0.024876531661848306 8
0.024876531661848306 8
0.02487181537194501 8
0.02487181537194501 8
0.02487181537194501 8
0.02487181537194501 8
0.025258706969115006 8
0.025258706969115006 8
0.025258706969115006 8
0.025258706969115006 8
0.025258706969115006 8
0.025258706969115006 8
0.025258706969115006 8
0.025258706969115006 8
0.025258706969115006 8
0.02508684497984942 8
0.0250435777572818 8
0.0250435777572818 8
0.0250435777572818 8
0.0250435777572818 8
0.024935350413268394 8
0.024935350413268394 8
0.025086060898096667 8
0.025086060898096667 8
0.02508605610434276 8
0.02508605610434276 8
0.02508605610434276 8
0.02508605610434276 8
0.02508605610434276 8
0.02508605610434276 8
0.02508605610434276 8
0.02508605610434276 8
0.02508605610434276 8
0.02508605610434276 8
0.024974617458294643 8
0.024974617458294643 8
0.024854115072752942 8
0.024854115072752942 8
0.024854115072752942 8
0.024854115072752942 8
0.024854115072752942 8
0.024854115072752942 8
0.024854115072752942 8
0.024854115072752942 8
0.024854115072752942 8
0.024854094695820818 8
0.024854094695820818 8
0.024854094695820818 8
0.024854071134894174 8
0.024854071134894174 8
0.024854071134894174 8
0.024854071134894174 8
0.024854071134894174 8
0.024854071134894174 8
0.024854071134894174 8
0.024854071134894174 8
0.024854071134894174 8
0.024854071134894174 8
0.024854071134894174 8
0.024854071134894174 8
0.024854071134894174 8
0.024854068676658635 8
0.024854068676658635 8
0.024854068676658635 8
0.024853959687256667 8
0.024853959687256667 8
0.024853959687256667 8
0.024853959687256667 8
0.024853959687256667 8
0.024853959687256667 8
0.024853959687256667 8
0.024853959687256667 8
0.024853959687256667 8
0.024853959687256667 8
0.024853959687256667 8
0.024853959687256667 8
0.024853959687256667 8
0.024853959687256667 8
0.024853959687256667 8
0.024853959687256667 8
0.024853959687256667 8
0.024853959687256667 8
0.024853959687256667 8
0.024853959687256667 8
0.024853954206486662 8
0.024853954206486662 8
0.024853918454346636 8
0.024853918454346636 8
0.024853907855702104 8
0.024853907855702104 8
0.024853907855702104 8
0.024853907855702104 8
0.024853907855702104 8
0.024853907855702104 8
0.024853907855702104 8
0.024853907855702104 8
0.024853907855702104 8
0.024853907855702104 8
0.024853907855702104 8
0.024853904771937513 8
0.024853904771937513 8
0.024853904771937513 8
0.024853904771937513 8
0.024853904771937513 8
0.024853904771937513 8
0.024853904771937513 8
0.024853904771937513 8
0.024853904771937513 8
0.024853904771937513 8
0.024853904771937513 8
0.024853904771937513 8
0.024853904771937513 8
0.024853904771937513 8
0.024853904771937513 8
0.024853904771937513 8
0.024853904771937513 8
0.024853904771937513 8
0.024853904771937513 8
0.024853904771937513 8
0.024853904771937513 8
0.024853904771937513 8
0.024853904771937513 8
0.024853904335824566 8
0.024853904335824566 8
0.024853904335824566 8
0.024853904335824566 8
0.024853904335824566 8
0.024853904335824566 8
0.024853904335824566 8
0.024853904335824566 8
0.024853904335824566 8
0.024853904335824566 8
0.024853904335824566 8
0.024853904335824566 8
0.024853904335824566 8
0.024853904335824566 8
0.024853904335824566 8
0.02540806244296048 8
0.025376661764516566 8
0.025376661764516566 8
0.025345435650545412 8
0.025345435650545412 8
0.02532514310761542 8
0.02532514310761542 8
0.02532514310761542 8
0.02532514310761542 8
0.02532514310761542 8
0.02532514310761542 8
0.02532514310761542 8
0.025325127464249926 8
0.025325127464249926 8
0.025325127464249926 8
0.025325127464249926 8
0.025325127464249926 8
0.025325127464249926 8
0.025325127464249926 8
0.025325127464249926 8
0.025325127464249926 8
0.025325127464249926 8
0.025325127464249926 8
0.025325127464249926 8
0.025325127464249926 8
0.025325127464249926 8
0.025325127464249926 8
0.025325127464249926 8
0.025325127464249926 8
0.025325127464249926 8
0.025310263012799008 8
0.025310263012799008 8
0.025310263012799008 8
0.025310263012799008 8
0.025310263012799008 8
0.025310263012799008 8
0.025310263012799008 8
0.025310263012799008 8
0.025310263012799008 8
0.025310263012799008 8
0.025310263012799008 8
0.025310263012799008 8
0.0248673108283345 8
0.0248673108283345 8
0.0248673108283345 8
0.0248673108283345 8
0.0248673108283345 8
0.0248673108283345 8
0.0248673108283345 8
0.0248673108283345 8
0.0248673108283345 8
0.0248673108283345 8
0.0248673108283345 8
0.0248673108283345 8
0.0248673108283345 8
0.0248673108283345 8
0.0248673108283345 8
0.0248673108283345 8
0.0248673108283345 8
0.02486671041004212 8
0.02486671041004212 8
0.02486671041004212 8
0.02486671041004212 8
0.02486652582427925 8
0.02486652582427925 8
0.02486652582427925 8
0.02486652582427925 8
0.02486652582427925 8
0.02486652582427925 8
0.02486652582427925 8
0.02486652582427925 8
0.02486652582427925 8
0.02486652582427925 8
0.02486652582427925 8
0.02486652582427925 8
0.02486652582427925 8
0.02486652582427925 8
0.02486652582427925 8
0.02486652582427925 8
0.02486652582427925 8
0.02486652582427925 8
0.02486652582427925 8
0.02486652582427925 8
0.02486652582427925 8
0.02486652582427925 8
0.02486652582427925 8
0.02486652582427925 8
0.02486652582427925 8
0.02486652582427925 8
0.02486652582427925 8
0.02486652582427925 8
0.02486652582427925 8
0.02486652582427925 8
0.02486652582427925 8
0.02486652582427925 8
0.024864750668530694 8
0.024864750668530694 8
0.024864750668530694 8
0.024864750668530694 8
0.024864739739107793 8
0.024864739739107793 8
0.024864746073707398 8
0.024864746073707398 8
0.024864746073707398 8
0.024864746073707398 8
0.024864746073707398 8
0.024864746073707398 8
0.024864746073707398 8
0.024864746073707398 8
0.024864746073707398 8
0.024864746073707398 8
0.024864746073707398 8
0.024864746073707398 8
0.024864746073707398 8
0.024864746073707398 8
0.024864746073707398 8
0.024864746073707398 8
0.024864746073707398 8
0.024864746073707398 8
0.024864746073707398 8
0.024864746073707398 8
0.024864746073707398 8
0.024852013911693567 8
0.024852013911693567 8
0.024852013911693567 8
0.024851966689133028 8
0.024851966689133028 8
0.024851966689133028 8
0.024851966689133028 8
0.024851965049370317 8
0.024851965049370317 8
0.024851965049370317 8
0.024851965049370317 8
0.024851965049370317 8
0.024851965049370317 8
0.024851965049370317 8
0.024851965049370317 8
0.024851965049370317 8
0.024851965049370317 8
0.024851965049370317 8
0.024851965049370317 8
0.024851965049370317 8
0.024851965049370317 8
0.024851965049370317 8
0.024851965049370317 8
0.024851965049370317 8
0.024851965049370317 8
0.024851965049370317 8
0.024851965049370317 8
0.024851965049370317 8
0.024851965049370317 8
0.024851965049370317 8
0.02489096913841488 8
0.02489096913841488 8
0.02489096913841488 8
0.02489096913841488 8
0.02489096913841488 8
0.02489096913841488 8
0.02489096913841488 8
0.02489096913841488 8
0.02489096913841488 8
0.02489096913841488 8
0.02489096913841488 8
0.02489096913841488 8
0.024890937511742352 8
0.024890937511742352 8
0.024890937511742352 8
0.024890937511742352 8
0.024890937511742352 8
0.024890914405874584 8
0.024890884437622565 8
0.024890884437622565 8
0.024890884437622565 8
0.024890884437622565 8
0.024890884437622565 8
0.024883778381302006 8
0.024883777320437703 8
0.024883777320437703 8
0.024883777320437703 8
0.024883777320437703 8
0.024883772280040413 8
0.024883772280040413 8
0.024883772280040413 8
0.024883772280040413 8
0.024883772280040413 8
0.024883772280040413 8
0.024883772280040413 8
0.024883772280040413 8
0.024883772280040413 8
0.024883772280040413 8
0.024883772280040413 8
0.024883772280040413 8
0.024883772280040413 8
0.024883772280040413 8
0.024883772280040413 8
0.024883772280040413 8
0.024883772280040413 8
0.024883772280040413 8
0.024883772280040413 8
0.024883772262823272 8
0.024883772262823272 8
0.024883772262823272 8
0.024883740957021536 8
0.024883740957021536 8
0.024883740957021536 8
0.024883740957021536 8
0.024883740957021536 8
0.024883740957021536 8
0.024883740957021536 8
0.024883740957021536 8
0.024883740957021536 8
0.024883740957021536 8
0.024883740957021536 8
0.024883740957021536 8
0.024883740957021536 8
0.024883740957021536 8
0.024883740957021536 8
0.024883736890658092 8
0.024883736890658092 8
0.024883736890658092 8
0.024883736890658092 8
0.024883736890658092 8
0.024883736890658092 8
0.024883736890658092 8
0.024883736890658092 8
0.024883736890658092 8
0.024883736890658092 8
0.024883736890658092 8
0.024883736890658092 8
0.024883736890658092 8
0.024883736890658092 8
0.024883736890658092 8
0.024883736890658092 8
0.024883736890658092 8
0.024883736890658092 8
0.024896892914037492 8
0.024896892914037492 8
0.024896892914037492 8
0.024896892914037492 8
0.024896892914037492 8
0.024896892914037492 8
0.024896892914037492 8
0.024896892914037492 8
0.024896892914037492 8
0.024896892914037492 8
0.024896892914037492 8
0.024896892914037492 8
0.024896892914037492 8
0.024896892914037492 8
0.024896837095586783 8
0.024896837095586783 8
0.024896837095586783 8
0.024896837095586783 8
0.024896837095586783 8
0.024896837095586783 8
0.024896837095586783 8
0.024896837095586783 8
0.024896837095586783 8
0.024896837095586783 8
0.024896837095586783 8
0.024896837095586783 8
0.024896837095586783 8
0.024896837095586783 8
0.024896837095586783 8
0.02489315889437538 8
0.02489315889437538 8
0.02489315889437538 8
0.02489315889437538 8
0.02489315889437538 8
0.02489315889437538 8
0.02489315889437538 8
0.02489315889437538 8
0.02489315889437538 8
0.02489315889437538 8
0.02489315889437538 8
0.02489315889437538 8
0.02489315889437538 8
0.02489315889437538 8
0.02489315889437538 8
0.02489315889437538 8
0.02489315889437538 8
0.02489315889437538 8
0.02489315889437538 8
0.02489315889437538 8
0.02489314412573446 8
0.02489314412573446 8
0.02489314412573446 8
0.02489314412573446 8
0.02489314412573446 8
0.02489314412573446 8
0.02489314412573446 8
0.02489314412573446 8
0.02489314412573446 8
0.02489314412573446 8
0.02489314412573446 8
0.02489314412573446 8
0.02489314412573446 8
0.02489314412573446 8
0.02489314412573446 8
0.02489314412573446 8
0.02489314412573446 8
0.02489314412573446 8
0.02489314412573446 8
0.02489314412573446 8
0.02489314412573446 8
0.02489314412573446 8
0.02489314412573446 8
0.02489314412573446 8
0.02489314412573446 8
0.02489314412573446 8
0.02489314412573446 8
0.02489314412573446 8
0.02489314412573446 8
0.02489314412573446 8
0.02485622476924073 8
0.02485622476924073 8
0.02485622476924073 8
0.02485622476924073 8
0.02485622476924073 8
0.02485622476924073 8
0.025175445437583568 8
0.025175445437583568 8
0.025175445437583568 8
0.024989567070800814 8
0.024989567070800814 8
0.024989567070800814 8
0.024989567070800814 8
0.024989567070800814 8
0.024989567070800814 8
0.0249064116013001 8
0.0249064116013001 8
0.0249064116013001 8
0.0249064116013001 8
0.0249064116013001 8
0.02490641148881828 8
0.02490641148881828 8
0.02490641148881828 8
0.02490641148881828 8
0.02490641148881828 8
0.02490641148881828 8
0.02490641148881828 8
0.02490641148881828 8
0.02490641148881828 8
0.02490641148881828 8
0.02490641148881828 8
0.02490641148881828 8
0.02490641148881828 8
0.02490638659847102 8
0.02490638659847102 8
0.02490638659847102 8
0.02490638659847102 8
0.024904842589195047 8
0.024904842589195047 8
0.0248797820835545 8
0.0248797820835545 8
0.0248797820835545 8
0.0248797820835545 8
0.0248797820835545 8
0.0248797820835545 8
0.02494151573059377 8
0.02494151573059377 8
0.02494151573059377 8
0.02494151573059377 8
0.02494151573059377 8
0.02494151573059377 8
0.02494151573059377 8
0.02494151573059377 8
0.02494151573059377 8
0.02494151573059377 8
0.02494151573059377 8
0.02494151573059377 8
0.02494151573059377 8
0.02494151573059377 8
0.02494151573059377 8
0.02494151573059377 8
0.02494151573059377 8
0.02494151573059377 8
0.02494151573059377 8
0.02494151573059377 8
0.02494151573059377 8
0.02494151573059377 8
0.02494151573059377 8
0.02494151573059377 8
0.02494151573059377 8
0.02494151573059377 8
0.02494151573059377 8
0.02494151573059377 8
0.02494151573059377 8
0.02494151573059377 8
0.02494151573059377 8
0.02494151573059377 8
0.02494151573059377 8
0.02494151573059377 8
0.02494151573059377 8
0.02494151573059377 8
0.02494151573059377 8
0.024941496842697204 8
0.024941496842697204 8
0.024941496842697204 8
0.024941496842697204 8
0.024914243005731466 8
0.02491425769077594 8
0.02491425769077594 8
0.02491425769077594 8
0.02491425769077594 8
0.02491425769077594 8
0.02491425769077594 8
0.02491425769077594 8
0.02491442345594315 8
0.02491442345594315 8
0.02491442345594315 8
0.02491442345594315 8
0.02491442345594315 8
0.02491442345594315 8
0.02491442345594315 8
0.02491442345594315 8
0.02491442345594315 8
0.02491442345594315 8
0.02491442345594315 8
0.02491442345594315 8
0.02491442345594315 8
0.02491442345594315 8
0.02491442345594315 8
0.024903428778831116 8
0.02490327961881209 8
0.024903129194272688 8
0.024903129194272688 8
0.024903129194272688 8
0.024903129194272688 8
0.024903129194272688 8
0.024903129194272688 8
0.024903129194272688 8
0.024903129194272688 8
0.02490317413900495 8
0.02490317413900495 8
0.024903160911306323 8
0.024903160911306323 8
0.024903160911306323 8
0.024903160911306323 8
0.024903160911306323 8
0.024903160911306323 8
0.024903160911306323 8
0.024903160911306323 8
0.024902079946768983 8
0.024902079946768983 8
0.024902079946768983 8
0.024902079946768983 8
0.02490205424352834 8
0.02490205424352834 8
0.02490205424352834 8
0.02490205424352834 8
0.02490205424352834 8
0.02490205424352834 8
0.02490205424352834 8
0.02490205424352834 8
0.02490205424352834 8
0.02490205424352834 8
0.024902044375508678 8
0.024902044375508678 8
0.024902044375508678 8
0.024902044375508678 8
0.024902044375508678 8
0.0248523467928962 8
0.0248523467928962 8
0.0248523467928962 8
0.0248523467928962 8
0.0248523467928962 8
0.0248523467928962 8
0.024864242258324124 8
0.0248642336911064 8
0.0248642336911064 8
0.0248642336911064 8
0.0248642336911064 8
0.0248642336911064 8
0.0248642336911064 8
0.0248642336911064 8
0.0248642336911064 8
0.0248642336911064 8
0.0248642336911064 8
0.0248642336911064 8
0.0248642336911064 8
0.0248642336911064 8
0.0248642336911064 8
0.0248642336911064 8
0.0248642336911064 8
0.0248642336911064 8
0.0248642336911064 8
0.0248642336911064 8
0.024864056459006547 8
0.024864056459006547 8
0.024864056459006547 8
0.024864056459006547 8
0.024864056459006547 8
0.024864056459006547 8
0.024864056459006547 8
0.024864056459006547 8
0.024864056459006547 8
0.024864056459006547 8
0.024864056459006547 8
0.024864056459006547 8
0.024859873087812588 8
0.024859873087812588 8
0.024859873087812588 8
0.024859873087812588 8
0.024859873087812588 8
0.024859873087812588 8
0.024859873087812588 8
0.024859873087812588 8
0.024916054382222157 8
0.024911544303183535 8
0.024911544303183535 8
0.024911544303183535 8
0.024911544303183535 8
0.024911544303183535 8
0.024911544303183535 8
0.024911544303183535 8
0.024911544303183535 8
0.024911544303183535 8
0.024913359468047992 8
0.024913359468047992 8
0.024913359468047992 8
0.024913359468047992 8
0.024913359468047992 8
0.024913359468047992 8
0.024913359468047992 8
0.024913359468047992 8
0.024913359468047992 8
0.024913359468047992 8
0.024913359468047992 8
0.024913359468047992 8
0.024913359468047992 8
0.024913359468047992 8
0.024913359468047992 8
0.024913359468047992 8
