 0.17269350552297985 0
 0.14972185090147488 0
 0.1311072436632131 0
 0.09150711888382305 0
 0.09150711888382305 0
 0.08003958669893037 0
 0.07973633180344628 0
 0.07381127392957107 0
 0.06778356548208467 0
 0.06496517508040368 0
 0.06496517508040368 0
 0.06496517508040368 0
 0.063158887167096 0
 0.0622767619804797 0
 0.06114913704266705 0
 0.05819939661487637 0
 0.05819939661487637 0
 0.05817507184910967 0
 0.05785759962790905 0
 0.057731986552399056 0
 0.05710392430152021 0
 0.05706171102906912 0
 0.0569594594949185 0
 0.056477049351435965 0
 0.056477049351435965 0
 0.05642073510431489 0
 0.0560422912014017 0
 0.0559246476551465 0
 0.055771043382347375 0
 0.05568475089035248 0
 0.055584727527563715 0
 0.055536933148886865 0
 0.05551420830431407 0
 0.055511251269750414 0
 0.05545292509121875 0
 0.05535256637352541 0
 0.055318081236555794 0
 0.05525000490872169 0
 0.05525000490872169 0
 0.05525000490872169 0
 0.055247103460314854 0
 0.055247103460314854 0
 0.055239313918898865 0
 0.05523262363600166 0
 0.05523063012178649 0
 0.055227545188312646 0
 0.055227545188312646 0
 0.05520940551729081 0
 0.05520940551729081 0
 0.055203646855710636 0
 0.055201475742422415 0
 0.055199818322084766 0
 0.055199818322084766 0
 0.05519919455650186 0
 0.05519424620511451 0
 0.05518489764142286 0
 0.05518489764142286 0
 0.05518489764142286 0
 0.05518489764142286 0
 0.05518489764142286 0
 0.05518489764142286 0
 0.05517829270763092 0
 0.05517564925706582 0
 0.05517364876577579 0
 0.05517357439654049 0
 0.055167499673429835 0
 0.055167499673429835 0
 0.055167499673429835 0
 0.05516623759545077 0
 0.05516620286689995 0
 0.05516620286689995 0
 0.05516620286689995 0
 0.05516620286689995 0
 0.055164992370106906 0
 0.055164992370106906 0
 0.055164992370106906 0
 0.055164992370106906 0
 0.055164570620990463 0
 0.05516338165825873 0
 0.05516219816233062 0
 0.055162187534330165 0
 0.055162187534330165 0
 0.055162187534330165 0
 0.05516217366026305 0
 0.05516217366026305 0
 0.0551621582269493 0
 0.055161953215944276 0
 0.055161953215944276 0
 0.05516192543172638 0
 0.05516192210617689 0
 0.055161820393489554 0
 0.05516176309892231 0
 0.05516109975526337 0
 0.05516109975526337 0
 0.05516109975526337 0
 0.055160743792896816 0
 0.055160743792896816 0
 0.05516074109755902 0
 0.05516074109755902 0
 0.0551607192500602 0
 0.05516063055130907 0
 0.0551605918588628 0
 0.05516058015816941 0
 0.05515605015299499 0
 0.055155993663990904 0
 0.055155983530716775 0
 0.055155876239337036 0
 0.055155876239337036 0
 0.055155795697822724 0
 0.055155795697822724 0
 0.055155795697822724 0
 0.055155795697822724 0
 0.055155774630062764 0
 0.05515572507928982 0
 0.05515568403406668 0
 0.05515568403406668 0
 0.0551556534819069 0
 0.0551556534819069 0
 0.05515564333919889 0
 0.05515564333919889 0
 0.05515561997420785 0
 0.055155592164499716 0
 0.055155584199278386 0
 0.05515414565152481 0
 0.05515414565152481 0
 0.05515413926087999 0
 0.05515405745031387 0
 0.05515405745031387 0
 0.05515399745012429 0
 0.05515398902286042 0
 0.05515398902286042 0
 0.05515392494033156 0
 0.055153000329235174 0
 0.05515300007900353 0
 0.055152906010981384 0
 0.055152906010981384 0
 0.05515288289996461 0
 0.055152861631506796 0
 0.055152861631506796 0
 0.055152861631506796 0
 0.0551528467985769 0
 0.0551528467985769 0
 0.0551528467985769 0
 0.0551528391736415 0
 0.0551528391736415 0
 0.0551528391736415 0
 0.05515283585786748 0
 0.05515283585786748 0
 0.05515281795803765 0
 0.05515281795803765 0
 0.055152809433844416 0
 0.055152809433844416 0
 0.055152793103049366 0
 0.05515279308741797 0
 0.05515278492239017 0
 0.055152758276850976 0
 0.05515274190653775 0
 0.05515274190653775 0
 0.05515274190653775 0
 0.05515274190653775 0
 0.055152721858037546 0
 0.055152721858037546 0
 0.055152711978553724 0
 0.055152711978553724 0
 0.055152711978553724 0
 0.055152711978553724 0
 0.05515270836427581 0
 0.05515270836427581 0
 0.05515270348855913 0
 0.05515270348855913 0
 0.05515270348855913 0
 0.05515270348855913 0
 0.05515270348855913 0
 0.05515269711078631 0
 0.05515269578391375 0
 0.05515269578391375 0
 0.055152682023687026 0
 0.05514204806714186 0
 0.05514204806714186 0
 0.05514204806714186 0
 0.05514204806714186 0
 0.05514204806714186 0
 0.055141143645348986 0
 0.055141143645348986 0
 0.05514070495557754 0
 0.05514070495557754 0
 0.05514070495557754 0
 0.05514066489199849 0
 0.05514066489199849 0
 0.05514066489199849 0
 0.055140664673800265 0
 0.055140664673800265 0
 0.05514064953950461 0
 0.05514064953950461 0
 0.05514064953950461 0
 0.055140645559391 0
 0.05514062460833288 0
 0.05514062373082493 0
 0.05514062373082493 0
 0.05514062326106663 0
 0.05514062301467682 0
 0.05514062301467682 0
 0.055140622796177936 0
 0.055140622557120295 0
 0.05514062255704155 0
 0.05514062254466693 0
 0.055140621737501644 0
 0.05514062129149672 0
 0.05514062129149672 0
 0.05514062129149672 0
 0.05514062119545107 0
 0.05514062119545107 0
 0.05514062119545107 0
 0.05514062115525938 0
 0.05514062115525938 0
 0.055140621143879465 0
 0.055140621143879465 0
 0.055140621143879465 0
 0.05514062104783476 0
 0.05514062104567009 0
 0.05514062104343737 0
 0.055140618235176055 0
 0.055140618235176055 0
 0.055140618235176055 0
 0.05514061821493502 0
 0.055140618084946615 0
 0.05514061804970809 0
 0.05514061802577046 0
 0.05514061791053374 0
 0.05514057731065728 0
 0.05514057731065728 0
 0.05514057731065728 0
 0.05514057731065728 0
 0.055140576979596005 0
 0.0551405749296057 0
 0.05514057411538207 0
 0.05514057411538207 0
 0.05514057405567839 0
 0.055140573918841224 0
 0.05514056346925609 0
 0.055140563469148064 0
 0.055140068419549944 0
 0.055140068419549944 0
 0.05514005480862665 0
 0.05514005480862665 0
 0.05514005480862665 0
 0.05514005374448857 0
 0.05514004642418058 0
 0.055140043250290545 0
 0.055140040440708374 0
 0.05514004043663875 0
 0.05514004015165185 0
 0.05514004015165185 0
 0.05514004015165185 0
 0.05514004015165185 0
 0.05514004015165185 0
 0.05514004015165185 0
 0.05514003772849127 0
 0.05514003772849127 0
 0.05514003768291885 0
 0.0551400374297856 0
 0.0551400374297856 0
 0.055140037428516135 0
 0.05514003742678873 0
 0.05514003742492775 0
 0.05514003742492775 0
 0.05514003742492775 0
 0.05514003742492775 0
 0.05514003742492775 0
 0.055140037424421584 0
 0.055140037424421584 0
 0.055140037424421584 0
 0.05514003742397293 0
 0.05514003727709069 0
 0.05514003720270172 0
 0.055140037197638256 0
 0.055140037197638256 0
 0.055140037197638256 0
 0.055140037197638256 0
 0.05514003709262381 0
 0.05514003709262381 0
 0.05514003696336311 0
 0.05514003696336311 0
 0.05514003684582505 0
 0.05514003684582505 0
 0.05514003684582505 0
 0.05514003682702259 0
 0.055140036711992836 0
 0.055140036711992836 0
 0.05514003475198642 0
 0.05514003461026346 0
 0.05514003459621107 0
 0.05514003459621107 0
 0.055140034356163214 0
 0.055140034356163214 0
 0.055140034356163214 0
 0.055140034356163214 0
 0.055139975093771006 0
 0.055139975093771006 0
 0.0551399750890902 0
 0.0551399750890902 0
 0.055139974778470435 0
 0.05513997320426158 0
 0.05513997320426158 0
 0.05513997320426158 0
 0.05513997173310968 0
 0.05513997173310968 0
 0.05513997173310968 0
 0.05513997173310968 0
 0.05513997173310968 0
 0.05513997160288355 0
 0.05513997160288355 0
 0.055139971568230355 0
 0.055139971568230355 0
 0.055139971568230355 0
 0.055139971568230355 0
 0.055139969970366666 0
 0.055139969970366666 0
 0.055139969970366666 0
 0.055139969970366666 0
 0.055139969945691446 0
 0.05513996982543853 0
 0.05513996982543853 0
 0.05513996964998959 0
 0.05513996956577657 0
 0.05513996956577657 0
 0.05513996956577657 0
 0.05513996949928704 0
 0.05513996949928704 0
 0.05513996949381761 0
 0.05513996948711241 0
 0.05513996945478517 0
 0.05513996945478517 0
 0.05513996942581003 0
 0.055139969422919974 0
 0.05513996938153699 0
 0.05513996938153699 0
 0.05513996938153699 0
 0.05513996938153699 0
 0.0551399693332267 0
 0.0551399693332267 0
 0.0551399693332267 0
 0.0551399693332267 0
 0.0551399693332267 0
 0.05513996932822511 0
 0.05513996932822511 0
 0.05513996932822511 0
 0.05513996932822511 0
 0.05513996932822511 0
 0.05513996932822511 0
 0.05513996932822511 0
 0.05513996932822511 0
 0.05513996932822511 0
 0.05513996932822511 0
 0.05513996932822511 0
 0.05513996932822511 0
 0.05513996932822511 0
 0.05513996932822511 0
 0.05513996932822511 0
 0.05513996932822511 0
 0.05513996932822511 0
 0.05513996932822511 0
 0.05513996932822511 0
 0.05513996932822511 0
 0.05513996932822511 0
 0.055139968954476155 0
 0.055139968954476155 0
 0.055139968954476155 0
 0.055139968954476155 0
 0.055139968954476155 0
 0.05513996894773048 0
 0.055139968945674696 0
 0.05513996894225849 0
 0.05513996894225849 0
 0.055139968941606034 0
 0.05513996845301529 0
 0.05513996845301529 0
 0.05513996845301529 0
 0.05513996845156964 0
 0.05513996845156964 0
 0.05513996845156964 0
 0.05513996845156964 0
 0.05513996845156964 0
 0.0551399684489969 0
 0.0551399684489969 0
 0.0551399684489969 0
 0.05513996844622939 0
 0.05513996843369931 0
 0.05513996843369931 0
 0.05513996843369931 0
 0.05513996843369931 0
 0.05513996843369931 0
 0.05513996843369931 0
 0.05513996843369931 0
 0.05513996843369931 0
 0.05513996843369931 0
 0.05513996843369931 0
 0.05513996843369931 0
 0.055139968273347204 0
 0.055139968273347204 0
 0.05513996827071245 0
 0.055139966996031846 0
 0.055139966996031846 0
 0.055139966996031846 0
 0.055139966996031846 0
 0.055139966996031846 0
 0.055139966987181 0
 0.055139966987181 0
 0.055139966987181 0
 0.055139966987181 0
 0.055139966987181 0
 0.05513996698014229 0
 0.05513996698014229 0
 0.05513996698014229 0
 0.05513996698014229 0
 0.05513996698014229 0
 0.055139966979744916 0
 0.055139966979744916 0
 0.055139966979744916 0
 0.055139966979744916 0
 0.055139966979744916 0
 0.055139966979744916 0
 0.055139966979744916 0
 0.055139966979744916 0
 0.055139966979744916 0
 0.055139966979744916 0
 0.055139966979744916 0
 0.055139966979744916 0
 0.055139966979744916 0
 0.05513875012724347 0
 0.05513875012724347 0
 0.05513875012724347 0
 0.05513874104721989 0
 0.0551387198636303 0
 0.0551387198636303 0
 0.0551387198636303 0
 0.0551387198636303 0
 0.055138719673832305 0
 0.055138719591374445 0
 0.055138719591374445 0
 0.05513871951649079 0
 0.055138719375943175 0
 0.055138719375943175 0
 0.055138719375943175 0
 0.055138719375943175 0
 0.055138719331982396 0
 0.055138719331982396 0
 0.055138719331982396 0
 0.05513871922063018 0
 0.05513871922063018 0
 0.055138719176612595 0
 0.055138719176612595 0
 0.055138719176612595 0
 0.055138719176612595 0
 0.05513871889461534 0
 0.05513871889461534 0
 0.05513871889461534 0
 0.055138718888823025 0
 0.05513871872791743 0
 0.05513871872791743 0
 0.055138718726655184 0
 0.055138718726655184 0
 0.055138718726655184 0
 0.05513871872036232 0
 0.05513871872024824 0
 0.05513871872024824 0
 0.05513871872022442 0
 0.05513871871920146 0
 0.05513871871920146 0
 0.05513871871920146 0
 0.05513871871920146 0
 0.05513871871920146 0
 0.05513871871920146 0
 0.05513871871920146 0
 0.05513871871920146 0
 0.05513871847867279 0
 0.05513871847867279 0
 0.05513871847867279 0
 0.0551387184292202 0
 0.0551387184292202 0
 0.0551387184292202 0
 0.0551387184292202 0
 0.055138718394189705 0
 0.05513871835374171 0
 0.05513871834034502 0
 0.05513871834034502 0
 0.05513871834034502 0
 0.05513871834034502 0
 0.05513871833943006 0
 0.055138718339197486 0
 0.05513871833820634 0
 0.05513871833801263 0
 0.05513871833760126 0
 0.05513871833760126 0
 0.05513871833760126 0
 0.05513871833760126 0
 0.05513871833760126 0
 0.05513871833760126 0
 0.05513871833760126 0
 0.05513871833760126 0
 0.05513871833760126 0
 0.05513871833760126 0
 0.05513871833760126 0
 0.05513871833760126 0
 0.05513871833760126 0
 0.05513871833760126 0
 0.05513871833760126 0
 0.05513871833760126 0
 0.05513871833760126 0
 0.05513871833760126 0
 0.05513871833760126 0
 0.05513871833760126 0
 0.05513871833760126 0
 0.05513871833760126 0
 0.05513871833760126 0
 0.05513871833760126 0
 0.05513871833760126 0
 0.05513871833760126 0
 0.05513871833760126 0
 0.05513871833760126 0
 0.05513871833760126 0
 0.05513871833760126 0
 0.05513871833760126 0
 0.05513871833760126 0
 0.05513865498879984 0
 0.05513865498879984 0
 0.05513865498879984 0
 0.05513865498879984 0
 0.05513865498879984 0
 0.05513865470048364 0
 0.0551386522957796 0
 0.0551386522957796 0
 0.0551386522957796 0
 0.05513865217330152 0
 0.05513865217330152 0
 0.05513865217330152 0
 0.05513865217330152 0
 0.05513865217330152 0
 0.05513865217330152 0
 0.05513865217330152 0
 0.05513865217330152 0
 0.05513865217330152 0
 0.05513865217330152 0
 0.05513865217330152 0
 0.05513865217330152 0
 0.05513865217330152 0
 0.05513865217330152 0
 0.05513865217330152 0
 0.05513865217330152 0
 0.05513865217330152 0
 0.05513865217330152 0
 0.05513865217330152 0
 0.05513865179646984 0
 0.05513865179559228 0
 0.05513865179559228 0
 0.05513865179431789 0
 0.055138651793219716 0
 0.055138651784956395 0
 0.05513865177553634 0
 0.05513865177553634 0
 0.055138651775382914 0
 0.055138651775382914 0
 0.055138651775382914 0
 0.05513865177520301 0
 0.05513865177520301 0
 0.05513865177520301 0
 0.05513865177520301 0
 0.05513865177520301 0
 0.05513865177520301 0
 0.05513865177520301 0
 0.05513865177520301 0
 0.05513865177520301 0
 0.05513865177520301 0
 0.05513865177520301 0
 0.05513865177520301 0
 0.05513865177520301 0
 0.05513865177520301 0
 0.05513865177520301 0
 0.05513865177520301 0
 0.05513865177520301 0
 0.05513865177520301 0
 0.05513865177520301 0
 0.05513865177520301 0
 0.05513865177520301 0
 0.05513865177520301 0
 0.05513865177520301 0
 0.05513865177520301 0
 0.05513865177520301 0
 0.05513865177520301 0
 0.05513865177520301 0
 0.05513865177520301 0
 0.05513865151314255 0
 0.05513865151314255 0
 0.05513865151314255 0
 0.05513865151314255 0
 0.05513865151314255 0
 0.05513865151314255 0
 0.05513865151314255 0
 0.05513865151314255 0
 0.05513865151314255 0
 0.05513865151314255 0
 0.055138651513140895 0
 0.055138651513140895 0
 0.055138651513140895 0
 0.055138651513140895 0
 0.055138651513140895 0
 0.055138651513140895 0
 0.055138651513140895 0
 0.055138651513140895 0
 0.055138651513140895 0
 0.055138651513140895 0
 0.055138651513140895 0
 0.055138651513140895 0
 0.055138651513140895 0
 0.055138651513140895 0
 0.055138651513140895 0
 0.055138651513140895 0
 0.055138651513140895 0
 0.055138651513140895 0
 0.055138651513140895 0
 0.055138651513140895 0
 0.055138651513140895 0
 0.055138651513140895 0
 0.055138651513140895 0
 0.055138651513140895 0
 0.055138651513140895 0
 0.055138651513140895 0
 0.055138651513140895 0
 0.055138651513140895 0
 0.055138651513140895 0
 0.055138651513140895 0
 0.055138651513140895 0
 0.055138651513140895 0
 0.055138651513140895 0
 0.055138651513140895 0
 0.055138651513140895 0
 0.055138651513140895 0
 0.055138651513140895 0
 0.055138651513140895 0
 0.055138651513140895 0
 0.055138651513140895 0
 0.055138651513140895 0
 0.055138651513140895 0
 0.055138651513140895 0
 0.055138651513140895 0
 0.055138651513140895 0
 0.055138651513140895 0
 0.055138651513140895 0
 0.055138651513140895 0
 0.055138651513140895 0
 0.055138651513140895 0
 0.055138651513140895 0
 0.055138651513140895 0
 0.055138651513140895 0
 0.055138651513140895 0
 0.055138651513140895 0
 0.055138651513140895 0
 0.055138651513140895 0
 0.05513865113113211 0
 0.05513865113113211 0
 0.05513865113113211 0
 0.05513865113113211 0
 0.05513865113113211 0
 0.05513865113113211 0
 0.05513865113113211 0
 0.05513865113113211 0
 0.05513865112055414 0
 0.05513865112055414 0
 0.05513865111716188 0
 0.05513865111716188 0
 0.055138651116332926 0
 0.055138651116233506 0
 0.055138651116009206 0
 0.055138651116009206 0
 0.0551386511158404 0
 0.0551386511158404 0
 0.0551386511158404 0
 0.0551386511158404 0
 0.0551386511158404 0
 0.0551386511158404 0
 0.0551386511158404 0
 0.0551386511158404 0
 0.0551386511158404 0
 0.0551386511158404 0
 0.0551386511158404 0
 0.0551386511158404 0
 0.0551386511158404 0
 0.0551386511158404 0
 0.0551386511158404 0
 0.0551386511158404 0
 0.0551386511158404 0
 0.0551386511158404 0
 0.0551386511158404 0
 0.0551386511158404 0
 0.0551386511158404 0
 0.0551386511158404 0
 0.0551386511158404 0
 0.0551386511158404 0
 0.0551386511158404 0
 0.0551386511158404 0
 0.0551386511158404 0
 0.0551386511158404 0
 0.0551386511158404 0
 0.0551386511158404 0
 0.0551386511158404 0
 0.0551386511158404 0
 0.0551386511158404 0
 0.0551386511158404 0
 0.0551386511158404 0
 0.0551386511158404 0
 0.0551386511158404 0
 0.0551386511158404 0
 0.0551386511158404 0
 0.0551386511158404 0
 0.0551386511158404 0
 0.0551386511158404 0
 0.0551386511158404 0
 0.0551386511158404 0
 0.0551386511158404 0
 0.0551386511158404 0
 0.0551386511158404 0
 0.0551386511158404 0
 0.0551386511158404 0
 0.0551386511158404 0
 0.0551386511158404 0
 0.0551386511158404 0
 0.0551386511158404 0
 0.0551386511158404 0
 0.0551386511158404 0
 0.0551386511158404 0
 0.0551386511158404 0
 0.0551386511158404 0
 0.0551386511158404 0
 0.0551386511158404 0
 0.0551386511158404 0
 0.0551386511158404 0
 0.0551386511158404 0
 0.0551386511158404 0
 0.0551386511158404 0
 0.0551386511158404 0
 0.0551386511158404 0
 0.0551386511158404 0
 0.0551386511158404 0
 0.0551386511158404 0
 0.0551386511158404 0
 0.0551386511158404 0
 0.0551386511158404 0
 0.0551386511158404 0
 0.0551386511158404 0
 0.0551386511158404 0
 0.0551386511158404 0
 0.0551386511158404 0
 0.0551386511158404 0
 0.0551386511158404 0
 0.0551386511158404 0
 0.0551386511158404 0
 0.0551386511158404 0
 0.0551386511158404 0
 0.0551386511158404 0
 0.0551386511158404 0
 0.0551386511158404 0
 0.0551386511158404 0
 0.0551386511158404 0
 0.0551386511158404 0
 0.0551386511158404 0
 0.0551386511158404 0
 0.0551386511158404 0
 0.0551386511158404 0
 0.0551386511158404 0
 0.0551386511158404 0
 0.0551386511158404 0
 0.0551386511158404 0
 0.0551386511158404 0
 0.0551386511158404 0
 0.0551386511158404 0
 0.0551386511158404 0
 0.0551386511158404 0
 0.0551386511158404 0
 0.0551386511158404 0
 0.0551386511158404 0
 0.0551386511158404 0
 0.0551386511158404 0
 0.0551386511158404 0
 0.0551386511158404 0
 0.0551386511158404 0
 0.0551386511158404 0
 0.0551386511158404 0
 0.0551386511158404 0
 0.0551386511158404 0
 0.0551386511158404 0
 0.0551386511158404 0
 0.0551386511158404 0
 0.0551386511158404 0
 0.0551386511158404 0
 0.0551386511158404 0
 0.0551386511158404 0
 0.0551386511158404 0
 0.0551386511158404 0
 0.05513865107971037 0
 0.05513865107971037 0
 0.05513865107971037 0
 0.05513865107971037 0
 0.05513865107968466 0
 0.05513865107968466 0
 0.05513865107966731 0
 0.055138651079648174 0
 0.055138651079648174 0
 0.055138651079643504 0
 0.055138651079643504 0
 0.055138651079643504 0
 0.05513865107964284 0
 0.05513865107964284 0
 0.05513865107964284 0
 0.05513865107964284 0
 0.05513865107964284 0
 0.05513865107964284 0
 0.05513865107964284 0
 0.05513865107964284 0
 0.05513865107964284 0
 0.05513865107964284 0
 0.05513865107964284 0
 0.05513865107964284 0
 0.05513865107964284 0
 0.05513865107964284 0
 0.05513865107964284 0
 0.05513865107964284 0
 0.05513865107964284 0
 0.05513865107964284 0
 0.05513865107964284 0
 0.05513865107964284 0
 0.05513865107964284 0
 0.05513865107964284 0
 0.05513865107964284 0
 0.05513865107964284 0
 0.05513865107964284 0
 0.05513865107964284 0
 0.05513865107964284 0
 0.05513865107964284 0
 0.05513865107964284 0
 0.05513865107964284 0
 0.05513865107964284 0
 0.05513865107964284 0
 0.05513865107964284 0
 0.05513865107964284 0
 0.05513865107964284 0
 0.05513865107964284 0
 0.05513865107964284 0
 0.05513865107964284 0
 0.05513865107964284 0
 0.05513865107964284 0
 0.05513865107964284 0
 0.05513865107964284 0
 0.05513865107964284 0
 0.05513865107964284 0
 0.05513865107964284 0
 0.05513865107964284 0
 0.05513865107964284 0
 0.05513865107964284 0
 0.05513865107964284 0
 0.05513865107964284 0
 0.05513865107964284 0
 0.05513865107964284 0
 0.05513865107964284 0
 0.05513865107964284 0
 0.05513865107964284 0
 0.05513865107964284 0
 0.05513865107964284 0
 0.05513865107964284 0
 0.05513865107964284 0
 0.05513865107964284 0
 0.05513865107964284 0
 0.05513865107964284 0
 0.05513865107964284 0
 0.05513865107964284 0
 0.05513865107964284 0
 0.05513865107964284 0
 0.05513865107964284 0
 0.05513865107964284 0
 0.05513865107964284 0
 0.05513865107964284 0
 0.05513865107964284 0
 0.05513865107964284 0
 0.05513865107964284 0
 0.05513865107964284 0
 0.05513865107964284 0
 0.05513865107964284 0
 0.05513865107964284 0
 0.05513865107964284 0
 0.05513865107964284 0
 0.05513865107964284 0
 0.05513865107964284 0
 0.05513865107964284 0
 0.05513865107964284 0
 0.05513865107964284 0
 0.05513865107964284 0
 0.05513865107964284 0
 0.05513865107964284 0
 0.05513865107964284 0
 0.05513865107964284 0
 0.05513865107964284 0
 0.05513865107964284 0
 0.05513865107964284 0
 0.05513865107964284 0
 0.05513865107964284 0
 0.05513865107964284 0
 0.05513865107964284 0
 0.05513865107964284 0
 0.05513865107964284 0
 0.05513865107964284 0
 0.05513865107964284 0
 0.05513865107964284 0
 0.05513865107964284 0
 0.05513865107964284 0
 0.05513865107964284 0
 0.05513865107964284 0
 0.05513865107964284 0
 0.05513865107964284 0
 0.05513865107964284 0
 0.05513865107964284 0
 0.05513865107964284 0
 0.05513865107964284 0
 0.05513865107964284 0
 0.05513865107964284 0
 0.05513865107964284 0
 0.05513865107964284 0
 0.05513865107964284 0
 0.05513865107964284 0
 0.055135959465544525 0
 0.055135959465544525 0
 0.055135959465544525 0
 0.055135959465544525 0
 0.055135959465544525 0
 0.055135959465544525 0
 0.055135959465544525 0
 0.055135959465544525 0
 0.05513595943394675 0
 0.05513595943394675 0
 0.05513595943262349 0
 0.05513595943262349 0
 0.05513595943262349 0
 0.05513595943262349 0
 0.05513595943084974 0
 0.05513595943084974 0
 0.05513595942990557 0
 0.05513595942990557 0
 0.05513595942990557 0
 0.05513595942990557 0
 0.05513595942990557 0
 0.05513595942990557 0
 0.05513595942990557 0
 0.05513595942990557 0
 0.05513595942990557 0
 0.05513595942990557 0
 0.05513595942990557 0
 0.05513595942990557 0
 0.05513595942990557 0
 0.05513595942990557 0
 0.05513556631233517 0
 0.05513556631233517 0
 0.05513556631233517 0
 0.05513556631233517 0
 0.055135563923242335 0
 0.055135555081823315 0
 0.055135555081823315 0
 0.055135555081823315 0
 0.05513554552976082 0
 0.05513554552976082 0
 0.05513554402321169 0
 0.05513554402321169 0
 0.05513554402321169 0
 0.05513554402321169 0
 0.05513554402321169 0
 0.05513554402321169 0
 0.05513554402321169 0
 0.05513554402321169 0
 0.05513554402321169 0
 0.05513554402321169 0
 0.05513554402321147 0
 0.055135544023210435 0
 0.055135544023210435 0
 0.055135544023210435 0
 0.055135544023210435 0
 0.055135544023210435 0
 0.055135544023210435 0
 0.055135544023210435 0
 0.055135544023210435 0
 0.055135544023210435 0
 0.055135544023210435 0
 0.055135544023210435 0
 0.055135544023210435 0
 0.055135544023210435 0
 0.055135544023210435 0
 0.055135544023210435 0
 0.055135544023210435 0
 0.055135544023210435 0
 0.055135544023210435 0
 0.055135544023210435 0
 0.055135544023210435 0
 0.055135544023210435 0
 0.055135544023210435 0
 0.055135544023210435 0
 0.055135544023210435 0
 0.055135544023210435 0
 0.055135544023210435 0
 0.055135544023210435 0
 0.055135544023210435 0
 0.055135544023210435 0
 0.055135544023210435 0
 0.055135544023210435 0
 0.055135544023210435 0
 0.055135544023210435 0
 0.055135544023210435 0
 0.055135544023210435 0
 0.055135544023210435 0
 0.055135544023210435 0
 0.055135544023210435 0
 0.055135544023210435 0
 0.055135544023210435 0
 0.055135544023210435 0
 0.055135544023210435 0
 0.055135544023210435 0
 0.055135544023210435 0
 0.055135544023210435 0
 0.055135544023210435 0
 0.055135544023210435 0
 0.055135544023210435 0
 0.055135544023210435 0
 0.055135544023210435 0
 0.055135544023210435 0
 0.055135544023210435 0
 0.055135544023210435 0
 0.055135544023210435 0
 0.055135544023210435 0
 0.055135544023210435 0
 0.055135544023210435 0
 0.055135544023210435 0
 0.055135544023210435 0
 0.055135544023210435 0
 0.055135544023210435 0
 0.055135544023210435 0
 0.055135544023210435 0
 0.055135544023210435 0
 0.055135544023210435 0
 0.055135544023210435 0
 0.055135544023210435 0
 0.055135544023210435 0
 0.055135544023210435 0
 0.055135544023210435 0
 0.055135544023210435 0
 0.055135544023210435 0
 0.055135544023210435 0
 0.055135544023210435 0
 0.055135544023210435 0
 0.055135544023210435 0
 0.055135544023210435 0
 0.055135544023210435 0
 0.055135544023210435 0
 0.055135544023210435 0
 0.055135544023210435 0
 0.055135544023210435 0
 0.055135544023210435 0
 0.055135544023210435 0
 0.055135544023210435 0
 0.055135544023210435 0
 0.055135544023210435 0
 0.055135544023210435 0
 0.055135544023210435 0
 0.055135544023210435 0
 0.055135544023210435 0
 0.055135544023210435 0
 0.055135544023210435 0
 0.055135544023210435 0
 0.055135544023210435 0
 0.055135544023210435 0
 0.055135544023210435 0
 0.055135544023210435 0
 0.055135544023210435 0
 0.055135544023210435 0
 0.055135544023210435 0
 0.055135544023210435 0
 0.055135544023210435 0
 0.055135544023210435 0
 0.055135544023210435 0
 0.055135544023210435 0
 0.055135544023210435 0
 0.055135544023210435 0
 0.055135544023210435 0
 0.055135544023210435 0
 0.055135544023210435 0
 0.055135544023210435 0
 0.055135544023210435 0
 0.055135544023210435 0
 0.055135544023210435 0
 0.055135544023210435 0
 0.055135544023210435 0
 0.055135544023210435 0
 0.055135544023210435 0
 0.055135544023210435 0
 0.055135544023210435 0
 0.055135544023210435 0
 0.055135544023210435 0
 0.055135544023210435 0
 0.055135544023210435 0
 0.055135544023210435 0
 0.055135544023210435 0
 0.055135544023210435 0
 0.055135544023210435 0
 0.055135544023210435 0
 0.055135544023210435 0
 0.055135544023210435 0
 0.055135544023210435 0
 0.055135544023210435 0
 0.055135544023210435 0
 0.055135544023210435 0
 0.055135544023210435 0
 0.055135544023210435 0
 0.055135544023210435 0
 0.055135544023210435 0
 0.055135544023210435 0
 0.055135544023210435 0
 0.055135544023210435 0
 0.055135544023210435 0
 0.055135544023210435 0
 0.055135544023210435 0
 0.055135544023210435 0
 0.055135544023210435 0
 0.055135544023210435 0
 0.055135544023210435 0
 0.055135544023210435 0
 0.055135544023210435 0
 0.055135544023210435 0
 0.055135544023210435 0
 0.055135544023210435 0
 0.055135544023210435 0
 0.055135544023210435 0
 0.055135544023210435 0
 0.055135544023210435 0
 0.055135544023210435 0
 0.055135544023210435 0
 0.055135544023210435 0
 0.055135544023210435 0
 0.055135544023210435 0
 0.055135544023210435 0
 0.055135544023210435 0
 0.055135544023210435 0
 0.055135544023210435 0
 0.055135544023210435 0
 0.055135544023210435 0
 0.055135544023210435 0
 0.05513554392523094 0
 0.05513554392523094 0
 0.05513554392414797 0
 0.05513554392414797 0
 0.05513554392414797 0
 0.05513554392411487 0
 0.05513554392411487 0
 0.055134389457921665 0
 0.055134389457921665 0
 0.055134389457921665 0
 0.05513437594197437 0
 0.05513437594197437 0
 0.05513436042475258 0
 0.055134344420088105 0
 0.055134344420088105 0
 0.055134344420088105 0
 0.05513434354912089 0
 0.05513434291015331 0
 0.055134341886380785 0
 0.055134341886380785 0
 0.055134341886380785 0
 0.055134341886380785 0
 0.055134341886380785 0
 0.055134341886380785 0
 0.055134341886380785 0
 0.055134341885295465 0
 0.055134341885295465 0
 0.05513434188516498 0
 0.05513434188516498 0
 0.0551343418830988 0
 0.0551343418830988 0
 0.0551343418830988 0
 0.0551343418830988 0
 0.0551343418830988 0
 0.0551343418830988 0
 0.0551343418830988 0
 0.0551343418830988 0
 0.0551343418830988 0
 0.0551343418830988 0
 0.0551343418830988 0
 0.0551343418830988 0
 0.0551343418830988 0
 0.0551343418830988 0
 0.0551343418830988 0
 0.0551343418830988 0
 0.0551343418830988 0
 0.0551343418830988 0
 0.0551343418830988 0
 0.0551343418830988 0
 0.0551343418830988 0
 0.0551343418830988 0
 0.0551343418830988 0
 0.0551343418830988 0
 0.0551343418830988 0
 0.0551343418830988 0
 0.0551343418830988 0
 0.0551343418830988 0
 0.0551343418830988 0
 0.0551343418830988 0
 0.0551343418830988 0
 0.0551343418830988 0
 0.0551343418830988 0
 0.0551343418830988 0
 0.0551343418830988 0
 0.0551343418830988 0
 0.0551343418830988 0
 0.0551343418830988 0
 0.0551343418830988 0
 0.0551343418830988 0
 0.0551343418830988 0
 0.0551343418830988 0
 0.0551343418830988 0
 0.0551343418830988 0
 0.0551343418830988 0
 0.0551343418830988 0
 0.0551343418830988 0
 0.0551343418830988 0
 0.0551343418830988 0
 0.0551343418830988 0
 0.0551343418830988 0
 0.0551343418830988 0
 0.0551343418830988 0
 0.0551343418830988 0
 0.0551343418830988 0
 0.0551343418830988 0
 0.0551343418830988 0
 0.0551343418830988 0
 0.0551343418830988 0
 0.0551343418830988 0
 0.0551343418830988 0
 0.0551343418830988 0
 0.0551343418830988 0
 0.0551343418830988 0
 0.0551343418830988 0
 0.05513434174847824 0
 0.05513434174847824 0
 0.05513434174847824 0
 0.05513434174708977 0
 0.05513434174708977 0
 0.05513434174708977 0
 0.0551343417459271 0
 0.05513434174284367 0
 0.05513434173909728 0
 0.05513434173900612 0
 0.05513434173873579 0
 0.05513434173873579 0
 0.05513434173873579 0
 0.05513434173873579 0
 0.05513434173873579 0
 0.0551343417385904 0
 0.0551343417385904 0
 0.0551343417385904 0
 0.0551343417385904 0
 0.0551343417385904 0
 0.0551343417385904 0
 0.0551343417385904 0
 0.0551343417385904 0
 0.0551343417385904 0
 0.0551343417385904 0
 0.0551343417385904 0
 0.0551343417385904 0
 0.0551343417385904 0
 0.0551343417385904 0
 0.0551343417385904 0
 0.0551343417385904 0
 0.0551343417385904 0
 0.0551343417385904 0
 0.0551343417385904 0
 0.0551343417385904 0
 0.0551343417385904 0
 0.0551343417385904 0
 0.0551343417385904 0
 0.0551343417385904 0
 0.0551343417385904 0
 0.0551343417385904 0
 0.0551343417385904 0
 0.0551343417385904 0
 0.0551343417385904 0
 0.0551343417385904 0
 0.0551343417385904 0
 0.0551343417385904 0
 0.0551343417385904 0
 0.0551343417385904 0
 0.0551343417385904 0
 0.0551343417385904 0
 0.0551343417385904 0
 0.0551343417385904 0
 0.0551343417385904 0
 0.0551343417385904 0
 0.0551343417385904 0
 0.0551343417385904 0
 0.0551343417385904 0
 0.0551343417385904 0
 0.0551343417385904 0
 0.0551343417385904 0
 0.0551343417385904 0
 0.0551343417385904 0
 0.0551343417385904 0
 0.0551343417385904 0
 0.0551343417385904 0
 0.0551343417385904 0
 0.05513434172658501 0
 0.05513434172658501 0
 0.05513434172658501 0
 0.055134341726559795 0
 0.05513434172653882 0
 0.05513434172648085 0
 0.05513434172634067 0
 0.05513434172634067 0
 0.05513434172634067 0
 0.05513434172634067 0
 0.05513434172634067 0
 0.05513434172634067 0
 0.05513434172634067 0
 0.05513434172634067 0
 0.05513434172634067 0
 0.05513434172634067 0
 0.05513434172634067 0
 0.05513434172634067 0
 0.05513434172634067 0
 0.05513434172634067 0
 0.05513434172634067 0
 0.05513434172634067 0
 0.05513434172634067 0
 0.05513434172634067 0
 0.05513434172634067 0
 0.05513434172634067 0
 0.05513434172634067 0
 0.05513434172634067 0
 0.05513434172634067 0
 0.05513434172634067 0
 0.05513434172634067 0
 0.05513434172634067 0
 0.05513434172634067 0
 0.05513434172634067 0
 0.05513434172634067 0
 0.05513434172634067 0
 0.05513434172634067 0
 0.05513434172634067 0
 0.05513434172634067 0
 0.05513434172634067 0
 0.05513434172634067 0
 0.05513434172634067 0
 0.05513434172634067 0
 0.05513434172634067 0
 0.05513434172634067 0
 0.05513434172634067 0
 0.05513434172634067 0
 0.05513434172634067 0
 0.05513434172634067 0
 0.05513434172634067 0
 0.05513434172634067 0
 0.05513434172634067 0
 0.05513434172634067 0
 0.05513434172634067 0
 0.05513434172634067 0
 0.05513434172634067 0
 0.05513434172634067 0
 0.05513434172634067 0
 0.05513434172634067 0
 0.05513434172634067 0
 0.05513434172634067 0
 0.05513434172634067 0
 0.05513434172634067 0
 0.05513434172634067 0
 0.05513434172634067 0
 0.05513434172634067 0
 0.05513434172634067 0
 0.05513434172634067 0
 0.05513434172634067 0
 0.05513434172634067 0
 0.05513434172634067 0
 0.05513434172634067 0
 0.05513434172634067 0
 0.05513434172634067 0
 0.05513434172634067 0
 0.05513434172634067 0
 0.05513434172634067 0
 0.05513434172634067 0
 0.05513434172634067 0
 0.05513434172634067 0
 0.05513434172634067 0
 0.05513434172634067 0
 0.05513434172634067 0
 0.05513434172634067 0
 0.05513434172634067 0
 0.05513434172634067 0
 0.05513434172634067 0
 0.05513434172634067 0
 0.05513434172634067 0
 0.05513434172634067 0
 0.05513434172634067 0
 0.05513434172634067 0
 0.05513434172634067 0
 0.05513434172634067 0
 0.05513434172634067 0
 0.05513434172634067 0
 0.05513434172634067 0
 0.05513434172634067 0
 0.05513434172634067 0
 0.05513434172634067 0
 0.05513434172634067 0
 0.05513434172634067 0
 0.05513434172634067 0
 0.05513434172634067 0
 0.05513434172634067 0
 0.05513434172634067 0
 0.05513434172634067 0
 0.05513434172634067 0
 0.05513434172634067 0
 0.05513434172634067 0
 0.05513434172634067 0
 0.05513434172634067 0
 0.05513434172634067 0
 0.05513434172634067 0
 0.05513434172634067 0
 0.05513434172634067 0
 0.05513434172634067 0
 0.05513434172634067 0
 0.05513434172634067 0
 0.05513434172634067 0
 0.05513434172634067 0
 0.05513434172634067 0
 0.05513434172634067 0
 0.05513434172634067 0
 0.05513434172634067 0
 0.05513434172634067 0
 0.05513434172634067 0
 0.05513434172634067 0
 0.05513434172634067 0
 0.05513434172634067 0
 0.05513434172634067 0
 0.05513434172634067 0
 0.05513434172634067 0
 0.05513434172634067 0
 0.05513434172634067 0
 0.05513434172634067 0
 0.05513434172634067 0
 0.05513434172634067 0
 0.05513434172634067 0
 0.05513434172634067 0
 0.05513434172634067 0
 0.05513434172634067 0
 0.05513434172634067 0
 0.05513434172634067 0
 0.05513434172634067 0
 0.05513434172634067 0
 0.05513434172634067 0
 0.05513434172634067 0
 0.05513434172634067 0
 0.05513434172634067 0
 0.05513434172634067 0
 0.05513434172634067 0
 0.05513434172634067 0
 0.05513434172634067 0
 0.05513434172634067 0
 0.05513434172634067 0
 0.05513434172634067 0
 0.05513434172634067 0
 0.05513434172634067 0
 0.05513434172634067 0
 0.05513434172634067 0
 0.05513434172634067 0
 0.05513434172634067 0
 0.05513434172634067 0
 0.05513434172634067 0
 0.05513434172634067 0
 0.05513434172634067 0
 0.05513434172634067 0
 0.05513434172634067 0
 0.05513434172634067 0
 0.05513434172634067 0
 0.05513434172634067 0
 0.05513434172634067 0
 0.05513434172634067 0
 0.05513434172634067 0
 0.05513434172634067 0
 0.05513434172634067 0
 0.05513434172634067 0
 0.05513434172634067 0
 0.05513434172634067 0
 0.05513434172634067 0
 0.05513434172634067 0
 0.05513434172634067 0
 0.05513434172634067 0
 0.05513434172634067 0
 0.05513434172634067 0
 0.05513434172634067 0
 0.05513434172634067 0
 0.05513434172634067 0
 0.05513434172634067 0
