 0.03534231279050604 0
 0.03406220960035884 0
 0.03366465428626161 0
 0.031282214153998726 0
 0.03088912668291172 0
 0.03045862831922041 0
 0.028845790113693384 0
 0.028845790113693384 0
 0.028582231695885713 0
 0.028435144488712417 0
 0.02749652146546664 0
 0.02749652146546664 0
 0.027324610252290903 0
 0.027318942068470773 0
 0.02703959034873502 0
 0.02700230185948755 0
 0.026868321486710336 0
 0.026632878637991433 0
 0.026627685023692577 0
 0.02661615504852331 0
 0.026453027082041773 0
 0.02626443675669366 0
 0.02626443675669366 0
 0.026080307197983304 0
 0.026080307197983304 0
 0.025920177588654364 0
 0.025920177588654364 0
 0.025855078046406927 0
 0.025855078046406927 0
 0.025855078046406927 0
 0.025839839414974575 0
 0.02579651666207645 0
 0.02579651666207645 0
 0.025788978917422014 0
 0.025730785248449097 0
 0.025730785248449097 0
 0.025730785248449097 0
 0.02571699599229446 0
 0.02571699599229446 0
 0.02571544770667499 0
 0.025704796400010967 0
 0.025703358873592264 0
 0.02570332944982616 0
 0.02570001770986144 0
 0.02569904464836456 0
 0.025694003756457136 0
 0.025694003756457136 0
 0.025694003756457136 0
 0.02569066515277958 0
 0.02569066515277958 0
 0.02569066515277958 0
 0.025688607837164045 0
 0.025685941054846232 0
 0.025685885185171585 0
 0.025684957323732174 0
 0.025684612210678415 0
 0.025682896094345507 0
 0.025681652729226383 0
 0.025681652729226383 0
 0.025681652729226383 0
 0.025681216882170524 0
 0.025681216882170524 0
 0.025680573309833494 0
 0.025680573309833494 0
 0.025679264058053902 0
 0.025679264058053902 0
 0.025679264058053902 0
 0.025678615291936387 0
 0.025678615291936387 0
 0.025678615291936387 0
 0.02567855527424034 0
 0.02567855527424034 0
 0.025678257037465502 0
 0.025678257037465502 0
 0.025678257037465502 0
 0.025678257037465502 0
 0.025678037587984967 0
 0.025677983128991597 0
 0.025677983128991597 0
 0.025677955308314404 0
 0.025677955308314404 0
 0.02567713918944614 0
 0.02567713918944614 0
 0.025675699930903677 0
 0.02566940387861459 0
 0.025669403825607912 0
 0.025664095045776804 0
 0.025658649477530292 0
 0.02565759985419102 0
 0.025626191394717154 0
 0.025604152425975368 0
 0.025599861195735464 0
 0.025599861195735464 0
 0.02559881922306444 0
 0.02559881907733701 0
 0.02559231500211244 0
 0.02559231500211244 0
 0.025591679131987996 0
 0.025574090120997393 0
 0.025527781177949724 0
 0.025527781177949724 0
 0.02552717296721398 0
 0.02552611075200407 0
 0.025523905714607345 0
 0.025523905714607345 0
 0.025523905714607345 0
 0.025523902285417364 0
 0.025523902285417364 0
 0.025523902285417364 0
 0.025523831734212514 0
 0.025523824986734982 0
 0.025523732492483263 0
 0.025523732492483263 0
 0.02552360847080862 0
 0.025523570549945664 0
 0.025523497379481987 0
 0.025523495060300178 0
 0.025523451399449698 0
 0.02552344054369063 0
 0.025523400948947544 0
 0.025523400948947544 0
 0.02552335145679275 0
 0.025523265364977725 0
 0.025523255353220975 0
 0.025523255353220975 0
 0.025523243366739487 0
 0.025523237960966123 0
 0.02552323557546967 0
 0.02552323008954168 0
 0.02552323008954168 0
 0.02552323008954168 0
 0.025523225138689695 0
 0.025523222834981294 0
 0.025523220942906433 0
 0.025523216155565305 0
 0.025523216155565305 0
 0.025523216155565305 0
 0.025523142771808494 0
 0.025523142771808494 0
 0.025523142771808494 0
 0.025523141450683 0
 0.025523141450683 0
 0.02552313947482835 0
 0.02552313757572042 0
 0.02552313757572042 0
 0.025523136388580902 0
 0.025523136388580902 0
 0.025523135124635887 0
 0.025523135124635887 0
 0.025523134096531754 0
 0.025523132847781328 0
 0.025523132847781328 0
 0.025523131786407766 0
 0.025523131786407766 0
 0.025523131786407766 0
 0.025523131786407766 0
 0.02551458487441377 0
 0.02551426238388823 0
 0.02551426203710673 0
 0.02551425531216564 0
 0.025514255295705057 0
 0.025514182441812194 0
 0.02551418223116043 0
 0.02551418223116043 0
 0.025514178802323803 0
 0.025514178474781622 0
 0.025514177509252604 0
 0.025514177509252604 0
 0.025514167404761843 0
 0.025514167404761843 0
 0.02551416736449282 0
 0.025514166351583375 0
 0.025514166351583375 0
 0.025514165539600637 0
 0.025514164876384596 0
 0.025514164876384596 0
 0.025514164876384596 0
 0.025514164876384596 0
 0.025514164876384596 0
 0.025514158621890843 0
 0.025514158309900628 0
 0.025514158201959215 0
 0.025514158201959215 0
 0.025514158201959215 0
 0.025514157654951092 0
 0.025514152298742775 0
 0.025514152075562874 0
 0.02551415172356285 0
 0.02551415172356285 0
 0.025514146879167452 0
 0.025514146826926227 0
 0.025514146752402957 0
 0.02551414242647954 0
 0.025514141906511224 0
 0.025514141906511224 0
 0.025514137404270165 0
 0.02551413733990824 0
 0.02551413733990824 0
 0.025514137323723065 0
 0.02551413719225868 0
 0.025514136929366025 0
 0.025514133967759044 0
 0.02551413374796265 0
 0.02551413374796265 0
 0.02551413374796265 0
 0.02551413374796265 0
 0.02551413334961575 0
 0.025514133172105217 0
 0.025514132909641926 0
 0.025514132395357436 0
 0.025514132395357436 0
 0.025514132395357436 0
 0.02551413216812791 0
 0.02551413110033573 0
 0.02551413110033573 0
 0.025514131074693195 0
 0.025514131074693195 0
 0.02551413100919585 0
 0.025514130973910185 0
 0.025514130973910185 0
 0.02551413097253243 0
 0.02551413096424817 0
 0.025514130963004252 0
 0.02551413058598766 0
 0.02551413058598766 0
 0.025514130559432267 0
 0.025514130543762323 0
 0.025514130543762323 0
 0.025514130537635883 0
 0.025514130500681107 0
 0.02551395220631212 0
 0.02551395220631212 0
 0.02551395216868096 0
 0.02551395216868096 0
 0.02551395216868096 0
 0.025513950134817193 0
 0.025513950120262988 0
 0.02551392601475064 0
 0.02551392601475064 0
 0.02551392601475064 0
 0.025513925999602304 0
 0.025513925986969027 0
 0.02551392598695821 0
 0.02551392598695821 0
 0.02551392598695821 0
 0.025513925970914116 0
 0.025513925970518273 0
 0.025513925969590137 0
 0.025513925969244015 0
 0.025513925969244015 0
 0.025513925969143175 0
 0.025513925968310664 0
 0.025513925968310664 0
 0.025513925968310664 0
 0.025513925968310664 0
 0.02551392596830996 0
 0.02551392596830996 0
 0.02551392596830996 0
 0.02551392596830996 0
 0.02551392596830996 0
 0.025513924781331163 0
 0.025513924781331163 0
 0.025513924781331163 0
 0.025513924781331063 0
 0.025513924781331063 0
 0.025513922307501068 0
 0.025513922307501068 0
 0.025513922286835817 0
 0.025513922286835817 0
 0.02551392113725546 0
 0.02551392113158661 0
 0.025513921098105928 0
 0.02551392109710874 0
 0.02551392109710874 0
 0.02551392109710874 0
 0.02551392109710874 0
 0.025513921060391177 0
 0.025513921058859593 0
 0.025513921058859593 0
 0.025513921055631984 0
 0.02551392105526397 0
 0.02551392105526397 0
 0.02551392105526397 0
 0.02551392105526397 0
 0.025513921055263965 0
 0.025513921055263965 0
 0.025513921055263965 0
 0.025513921055263965 0
 0.025513921055263965 0
 0.025513921055263965 0
 0.025513921055263965 0
 0.025513921055263965 0
 0.025513921055263965 0
 0.025513921055263965 0
 0.025513921055263965 0
 0.025513921055263965 0
 0.025513921055263965 0
 0.025513921055263965 0
 0.025513921055263965 0
 0.025513921055263965 0
 0.02551391981242102 0
 0.02551391981242102 0
 0.02551391981242102 0
 0.02551391980702433 0
 0.02551391980702433 0
 0.025513919787995276 0
 0.025513919786162575 0
 0.025513919783999504 0
 0.025513919783999504 0
 0.025513919783999504 0
 0.02551391978348009 0
 0.02551391978348009 0
 0.02551391978348009 0
 0.02551391978348009 0
 0.02551391978348009 0
 0.025513919783409836 0
 0.025513919783409836 0
 0.025513919783409836 0
 0.025513919783409836 0
 0.025513919783409836 0
 0.025513919783409836 0
 0.025513919783409836 0
 0.025513919471796775 0
 0.025513919471796775 0
 0.025513919471796775 0
 0.025513919286547747 0
 0.025513919049461993 0
 0.025513919049461993 0
 0.025513919049461993 0
 0.025513918951950734 0
 0.025513918668466508 0
 0.025513918668466508 0
 0.02551391861810665 0
 0.025513918566089203 0
 0.02551391856197343 0
 0.025513918508805775 0
 0.025513918129110875 0
 0.025513918129110875 0
 0.025513918129110868 0
 0.025510077517538882 0
 0.025510077517538882 0
 0.025510077517538882 0
 0.025510077442323417 0
 0.025510061972293573 0
 0.025510050132222423 0
 0.025510050132222423 0
 0.02551000798332188 0
 0.02551000798332188 0
 0.025510005761055127 0
 0.025510005761055127 0
 0.025510005761055127 0
 0.02551000535302901 0
 0.02551000535302901 0
 0.02551000535302901 0
 0.02551000535302901 0
 0.02551000535302901 0
 0.025510003344558153 0
 0.025510003343247305 0
 0.025510003338467816 0
 0.02551000293964913 0
 0.02551000293964907 0
 0.02551000293964907 0
 0.02551000293964907 0
 0.02551000293964907 0
 0.025510002926975552 0
 0.025510002926445476 0
 0.025510002926445414 0
 0.025510002926445414 0
 0.025510002926445414 0
 0.025510002869651046 0
 0.025510002869095858 0
 0.025510002865939862 0
 0.025510002865939862 0
 0.0255100028642526 0
 0.025510002864252597 0
 0.025510002864252538 0
 0.025510002864252538 0
 0.025510002864252538 0
 0.025510002864252538 0
 0.025510002864252538 0
 0.025510002864252538 0
 0.025510002864252538 0
 0.025510002864252538 0
 0.025510002864252538 0
 0.025510002864252538 0
 0.025510002864252538 0
 0.025510002864252538 0
 0.025510002864252538 0
 0.025510002864252538 0
 0.025510002864252538 0
 0.025510002864252538 0
 0.025510002864252538 0
 0.025510002864252538 0
 0.025510002864252538 0
 0.025510002864252538 0
 0.025510002864252538 0
 0.025510002343043882 0
 0.025510002343043882 0
 0.025510002343043882 0
 0.02551000232712282 0
 0.02551000145228797 0
 0.02551000145228797 0
 0.025510001436067273 0
 0.025510000946691654 0
 0.025510000945994208 0
 0.02551000092335347 0
 0.02551000092335347 0
 0.025510000920626205 0
 0.025510000920526018 0
 0.02551000092050964 0
 0.02551000092050964 0
 0.025510000918257825 0
 0.025510000889140353 0
 0.025510000889140353 0
 0.025510000889140353 0
 0.025510000889140353 0
 0.025510000889140353 0
 0.025510000889140353 0
 0.025510000889140353 0
 0.025510000889140353 0
 0.025510000888440312 0
 0.025510000888440312 0
 0.025510000888440302 0
 0.025510000888440302 0
 0.025510000888440302 0
 0.025510000888440302 0
 0.025510000888440302 0
 0.025510000888440302 0
 0.025510000888440302 0
 0.025510000888440302 0
 0.025510000888440302 0
 0.025510000888440302 0
 0.025510000888440302 0
 0.025510000888440302 0
 0.025510000888440302 0
 0.025510000888440302 0
 0.025510000888440302 0
 0.025510000888440302 0
 0.025510000888440302 0
 0.025510000888440302 0
 0.025510000888440302 0
 0.025510000888440302 0
 0.025510000888440302 0
 0.025510000888440302 0
 0.025510000888440302 0
 0.025510000888440302 0
 0.025510000888440302 0
 0.025510000888440302 0
 0.025510000888440302 0
 0.025510000888440302 0
 0.025510000888440302 0
 0.025510000888440302 0
 0.025510000888440302 0
 0.025510000888440302 0
 0.025510000888440302 0
 0.025510000888440302 0
 0.025510000888440302 0
 0.025510000888440302 0
 0.025510000888440302 0
 0.025510000888440302 0
 0.025510000888440302 0
 0.025510000888440302 0
 0.025510000888440302 0
 0.025510000888440302 0
 0.025510000888440302 0
 0.025510000888440302 0
 0.025510000888440302 0
 0.025510000888440302 0
 0.025510000888440302 0
 0.025510000888440302 0
 0.025510000888440302 0
 0.025510000888440302 0
 0.025510000888440302 0
 0.025510000888440302 0
 0.025510000888440302 0
 0.025510000888440302 0
 0.025510000888440302 0
 0.025510000888440302 0
 0.025510000888440302 0
 0.025510000888440302 0
 0.025510000888440302 0
 0.025510000888440302 0
 0.025510000888440302 0
 0.025510000888440302 0
 0.025510000787306353 0
 0.025510000787306353 0
 0.025510000620037616 0
 0.025510000620037616 0
 0.025510000545862804 0
 0.025510000545862804 0
 0.025510000545862804 0
 0.02551000043520816 0
 0.025510000434375256 0
 0.025510000277237307 0
 0.025510000274764147 0
 0.025510000270158994 0
 0.025510000270158994 0
 0.025510000270158994 0
 0.025510000270158994 0
 0.025510000270129597 0
 0.02551000026910994 0
 0.02551000026910994 0
 0.02551000026910994 0
 0.02551000026910994 0
 0.02551000026910994 0
 0.02551000026910994 0
 0.02551000026910994 0
 0.025510000269107543 0
 0.02551000026910431 0
 0.025510000269099987 0
 0.025510000269099987 0
 0.025510000228822816 0
 0.025510000228822816 0
 0.025510000198052916 0
 0.025510000198052916 0
 0.025510000160691767 0
 0.025510000157394845 0
 0.025510000156578647 0
 0.025510000153903624 0
 0.025510000153756564 0
 0.02551000015297679 0
 0.025510000152503078 0
 0.025510000151840087 0
 0.025510000151840087 0
 0.025510000151823243 0
 0.025510000151823243 0
 0.025510000151823243 0
 0.025510000106115052 0
 0.025510000106115052 0
 0.025510000106115052 0
 0.025510000105594132 0
 0.025510000105580834 0
 0.025510000105580834 0
 0.02551000010558083 0
 0.025509999898687793 0
 0.025509999850966046 0
 0.025509999850310005 0
 0.025509999850310005 0
 0.025509999850310005 0
 0.02550999984805135 0
 0.025509999846321477 0
 0.025509999846321477 0
 0.025509999846299057 0
 0.025509999846299057 0
 0.02550999984629105 0
 0.025509999846228558 0
 0.025509999846228558 0
 0.025509999846228558 0
 0.025509999846228558 0
 0.025509999846228558 0
 0.025509999846228558 0
 0.025509999846228558 0
 0.025509999846228558 0
 0.025509999846228558 0
 0.025509999846228558 0
 0.025509999846228558 0
 0.025509999846228558 0
 0.025509999846228558 0
 0.025509999846228558 0
 0.025509999846228558 0
 0.025509999846228558 0
 0.025509999846228558 0
 0.025509999846228558 0
 0.025509999846228558 0
 0.025509999846228558 0
 0.025509999846228558 0
 0.025509999846228558 0
 0.025509999846228558 0
 0.025509999846228558 0
 0.025509999846228558 0
 0.025509999846228558 0
 0.025509999846228558 0
 0.025509999846228558 0
 0.025509999846228558 0
 0.025509999846228558 0
 0.025509999846228558 0
 0.025509999846228558 0
 0.025509999846228558 0
 0.025509999846228558 0
 0.025509999846228558 0
 0.025509999846228558 0
 0.025509999846228558 0
 0.025509999846228558 0
 0.025509999846228558 0
 0.025509999846228558 0
 0.025509999846228558 0
 0.025509999846228558 0
 0.025509999846228558 0
 0.025509999846228558 0
 0.025509999846228558 0
 0.025509999846228558 0
 0.025509999846228558 0
 0.025509999846228558 0
 0.025509999846228558 0
 0.025509999846228558 0
 0.025509999846228558 0
 0.025509999846228558 0
 0.025509999846228558 0
 0.025509999846228558 0
 0.025509999846228558 0
 0.025509999846228558 0
 0.025509999846228558 0
 0.025509999846228558 0
 0.025509999846228558 0
 0.025509999846228558 0
 0.025509999846228558 0
 0.025509999841578042 0
 0.025509999841578042 0
 0.025509999841578042 0
 0.025509999841492128 0
 0.025509999841492128 0
 0.025509999841457 0
 0.025509999841457 0
 0.025509999841457 0
 0.025509999841457 0
 0.025509999841457 0
 0.02550999984138743 0
 0.02550999984138743 0
 0.02550999984138743 0
 0.02550999984138743 0
 0.02550999984138743 0
 0.02550999984138743 0
 0.02550999984138743 0
 0.02550999984138743 0
 0.02550999984138743 0
 0.02550999984138743 0
 0.02550999984138743 0
 0.02550999984138743 0
 0.02550999984138743 0
 0.02550999984138743 0
 0.02550999984138743 0
 0.02550999984138743 0
 0.02550999984138743 0
 0.02550999984138743 0
 0.02550999984138743 0
 0.02550999984138743 0
 0.02550999984138743 0
 0.02550999984138743 0
 0.02550999984138743 0
 0.02550999984138743 0
 0.02550999984138743 0
 0.02550999984138743 0
 0.02550999984138743 0
 0.02550999984138743 0
 0.02550999984138743 0
 0.02550999984138743 0
 0.02550999984138743 0
 0.02550999984138743 0
 0.02550999984138743 0
 0.02550999984138743 0
 0.02550999984138743 0
 0.02550999984138743 0
 0.02550999984138743 0
 0.025509999837524448 0
 0.025509999837524448 0
 0.02550999983636394 0
 0.02550999983628905 0
 0.025509999835611617 0
 0.025509999835611617 0
 0.025509999835611617 0
 0.025509999834979813 0
 0.025509999834979813 0
 0.025509999834973266 0
 0.025509999834973266 0
 0.025509999834906073 0
 0.025509999834906073 0
 0.025509999834906073 0
 0.025509999834906073 0
 0.025509999834906073 0
 0.025509999834906073 0
 0.025509999834906073 0
 0.025509999834906073 0
 0.025509999834906073 0
 0.025509999834906073 0
 0.025509999834906073 0
 0.025509999834906073 0
 0.025509999834906073 0
 0.025509999834906073 0
 0.025509999834906073 0
 0.025509999834906073 0
 0.025509999834906073 0
 0.025509999834906073 0
 0.025509999834906073 0
 0.025509999834906073 0
 0.025509999834906073 0
 0.025509999834906073 0
 0.025509999834906073 0
 0.025509999834906073 0
 0.025509999834906073 0
 0.025509999834906073 0
 0.025509999834906073 0
 0.025509999834906073 0
 0.025509999834906073 0
 0.025509999834906073 0
 0.025509999834906073 0
 0.025509999834906073 0
 0.025509999834906073 0
 0.025509999834906073 0
 0.025509999834906073 0
 0.025509999834906073 0
 0.025509999834906073 0
 0.025509999834906073 0
 0.025509999834906073 0
 0.025509999834906073 0
 0.025509999834906073 0
 0.025509999834906073 0
 0.025509999834906073 0
 0.025509999834906073 0
 0.025509999834906073 0
 0.025509999834906073 0
 0.025509999834906073 0
 0.025509999834906073 0
 0.025509999834906073 0
 0.025509999834906073 0
 0.025509999834906073 0
 0.025509999834906073 0
 0.025509999834906073 0
 0.025509999834906073 0
 0.025509999834906073 0
 0.025509999834906073 0
 0.025509999834906073 0
 0.025509999834906073 0
 0.025509999834906073 0
 0.0255099998309659 0
 0.0255099998309659 0
 0.0255099998309659 0
 0.0255099998309659 0
 0.02550999983096584 0
 0.025509999830965142 0
 0.025509999830965142 0
 0.025509999830965135 0
 0.025509999830965135 0
 0.025509999830965135 0
 0.025509999830965135 0
 0.025509999830965135 0
 0.025509999830965135 0
 0.025509999830965135 0
 0.025509999830965135 0
 0.025509999830965135 0
 0.025509999830965135 0
 0.025509999830965135 0
 0.025509999830965135 0
 0.025509999830965135 0
 0.025509999830965135 0
 0.025509999830965135 0
 0.025509999830965135 0
 0.025509999830965135 0
 0.025509999830965135 0
 0.025509999830965135 0
 0.025509999830965135 0
 0.025509999830965135 0
 0.025509999830965135 0
 0.025509999830965135 0
 0.025509999830965135 0
 0.025509999830965135 0
 0.025509999830965135 0
 0.025509999830965135 0
 0.025509999830965135 0
 0.025509999830965135 0
 0.025509999830965135 0
 0.025509999830965135 0
 0.025509999830965135 0
 0.025509999830965135 0
 0.025509999830965135 0
 0.025509999830965135 0
 0.025509999830965135 0
 0.025509999830965135 0
 0.025509999830965135 0
 0.025509999830965135 0
 0.025509999830965135 0
 0.025509999830965135 0
 0.025509999830965135 0
 0.025509999830965135 0
 0.025509999830965135 0
 0.025509999830965135 0
 0.025509999830965135 0
 0.025509999830965135 0
 0.025509999830965135 0
 0.025509999830965135 0
 0.025509999830965135 0
 0.025509999830965135 0
 0.025509999830965135 0
 0.025509999830965135 0
 0.025509999830965135 0
 0.025509999830965135 0
 0.025509999830965135 0
 0.025509999830965135 0
 0.025509999830965135 0
 0.025509999830965135 0
 0.025509999830965135 0
 0.025509999830965135 0
 0.025509999830965135 0
 0.025509999816046312 0
 0.025509999816046312 0
 0.025509999816046312 0
 0.02550999981599093 0
 0.025509999815876674 0
 0.025509999815876674 0
 0.025509999815783817 0
 0.025509999815338972 0
 0.025509999815338972 0
 0.025509999815338972 0
 0.025509999815338972 0
 0.025509999815338972 0
 0.025509999815338972 0
 0.025509999815338972 0
 0.02550999981298619 0
 0.02550999981298619 0
 0.025509999812986187 0
 0.025509999812986187 0
 0.025509999812277542 0
 0.02550999981169379 0
 0.02550999981168474 0
 0.02550999981164394 0
 0.02550999981164394 0
 0.02550999981160572 0
 0.02550999981160572 0
 0.02550999981160572 0
 0.02550999981160572 0
 0.02550999981160572 0
 0.02550999981160572 0
 0.02550999981160572 0
 0.02550999981160572 0
 0.02550999981160572 0
 0.02550999981160572 0
 0.02550999981160572 0
 0.02550999981160572 0
 0.02550999981160572 0
 0.02550999981160572 0
 0.02550999981160572 0
 0.02550999981160572 0
 0.02550999981160572 0
 0.02550999981160572 0
 0.02550999981160572 0
 0.02550999981160572 0
 0.02550999981160572 0
 0.02550999981160572 0
 0.02550999981160572 0
 0.02550999981160572 0
 0.02550999981160572 0
 0.02550999981160572 0
 0.02550999981160572 0
 0.02550999981160572 0
 0.02550999981160572 0
 0.02550999981160572 0
 0.02550999981160572 0
 0.02550999981160572 0
 0.02550999981160572 0
 0.02550999981160572 0
 0.02550999981160572 0
 0.02550999981160572 0
 0.02550999981160572 0
 0.02550999981160572 0
 0.02550999981160572 0
 0.02550999981160572 0
 0.02550999981160572 0
 0.02550999981160572 0
 0.02550999981160572 0
 0.02550999981160572 0
 0.02550999981160572 0
 0.02550999981160572 0
 0.02550999981160572 0
 0.02550999981160572 0
 0.02550999981160572 0
 0.02550999981160572 0
 0.02550999981160572 0
 0.02550999981160572 0
 0.02550999981160572 0
 0.02550999981160572 0
 0.02550999981160572 0
 0.02550999981160572 0
 0.02550999981160572 0
 0.02550999981160572 0
 0.02550999981160572 0
 0.02550999981160572 0
 0.02550999981160572 0
 0.02550999981160572 0
 0.02550999981160572 0
 0.02550999981160572 0
 0.02550999981160572 0
 0.02550999981160572 0
 0.02550999981160572 0
 0.02550999981160572 0
 0.02550999981160572 0
 0.02550999981160572 0
 0.02550999981160572 0
 0.02550999981160572 0
 0.02550999981160572 0
 0.02550999981160572 0
 0.02550999981160572 0
 0.02550999981160572 0
 0.02550999981160572 0
 0.02550999981160572 0
 0.02550999981160572 0
 0.02550999981160572 0
 0.02550999981160572 0
 0.02550999981160572 0
 0.02550999981160572 0
 0.02550999981160572 0
 0.02550999981160572 0
 0.02550999981160572 0
 0.02550999981160572 0
 0.02550999981160572 0
 0.02550999981160572 0
 0.02550999981160572 0
 0.02550999981160572 0
 0.02550999981160572 0
 0.02550999981160572 0
 0.02550999981160572 0
 0.02550999981160572 0
 0.02550999981160572 0
 0.02550999981160572 0
 0.02550999981160572 0
 0.02550999981160572 0
 0.02550999981160572 0
 0.02550999981160572 0
 0.02550999981160572 0
 0.02550999981160572 0
 0.02550999981160572 0
 0.02550999981160572 0
 0.02550999981160572 0
 0.02550999981160572 0
 0.02550999981160572 0
 0.02550999981160572 0
 0.02550999981160572 0
 0.02550999981160572 0
 0.02550999981160572 0
 0.02550999981160572 0
 0.02550999981160572 0
 0.02550999981160572 0
 0.02550999981160572 0
 0.02550999981160572 0
 0.02550999981160572 0
 0.02550999981160572 0
 0.02550999981160572 0
 0.02550999981160572 0
 0.02550999981160572 0
 0.02550999981160572 0
 0.02550999981160572 0
 0.02550999981160572 0
 0.02550999981160572 0
 0.02550999981160572 0
 0.02550999981160572 0
 0.02550999981160572 0
 0.02550999981160572 0
 0.02550999981160572 0
 0.02550999981160572 0
 0.02550999981160572 0
 0.02550999981160572 0
 0.02550999981160572 0
 0.02550999981160572 0
 0.02550999981160572 0
 0.02550999981160572 0
 0.02550999981160572 0
 0.02550999981160572 0
 0.02550999981160572 0
 0.02550999981160572 0
 0.02550999981160572 0
 0.02550999974470625 0
 0.02550999974470625 0
 0.02550999974470625 0
 0.02550999974470625 0
 0.02550999974448797 0
 0.02550999974448797 0
 0.025509999744287158 0
 0.02550999974428705 0
 0.025509999744277798 0
 0.025509999744277798 0
 0.025509999744277798 0
 0.025509999744277798 0
 0.025509999744277798 0
 0.025509999744277798 0
 0.025509999744277798 0
 0.025509999686721366 0
 0.025509999686721366 0
 0.025509999686721366 0
 0.025509999686721366 0
 0.025509999686721366 0
 0.02550999968464479 0
 0.02550999968400413 0
 0.02550999968400413 0
 0.02550999968400413 0
 0.02550999968400413 0
 0.02550999968400413 0
 0.02550999968400413 0
 0.02550999968400413 0
 0.02550999968400413 0
 0.02550999968400413 0
 0.02550999968400413 0
 0.02550999968400413 0
 0.02550999968400413 0
 0.02550999968400413 0
 0.02550999968400413 0
 0.02550999968400413 0
 0.02550999968400413 0
 0.02550999968400413 0
 0.02550999968400413 0
 0.02550999968400413 0
 0.02550999968400413 0
 0.02550999968400413 0
 0.02550999968400413 0
 0.02550999968400413 0
 0.02550999968400413 0
 0.02550999968400413 0
 0.02550999968400413 0
 0.02550999968400413 0
 0.02550999968400413 0
 0.02550999968400413 0
 0.02550999968400413 0
 0.02550999968400413 0
 0.02550999968400413 0
 0.02550999968400413 0
 0.02550999968400413 0
 0.02550999968400413 0
 0.02550999968400413 0
 0.02550999968400413 0
 0.02550999968400413 0
 0.02550999968400413 0
 0.02550999968400413 0
 0.02550999968400413 0
 0.02550999968400413 0
 0.02550999968400413 0
 0.02550999968400413 0
 0.02550999968400413 0
 0.02550999968400413 0
 0.02550999968400413 0
 0.02550999968400413 0
 0.02550999968400413 0
 0.02550999968400413 0
 0.02550999968400413 0
 0.02550999968400413 0
 0.02550999968400413 0
 0.02550999968400413 0
 0.02550999968400413 0
 0.02550999968400413 0
 0.02550999968400413 0
 0.02550999968400413 0
 0.02550999968400413 0
 0.02550999968400413 0
 0.02550999968400413 0
 0.02550999968400413 0
 0.02550999968400413 0
 0.02550999968400413 0
 0.02550999968400413 0
 0.02550999968400413 0
 0.02550999968400413 0
 0.02550999968400413 0
 0.02550999968400413 0
 0.02550999968400413 0
 0.02550999968400413 0
 0.02550999968400413 0
 0.02550999968400413 0
 0.02550999968400413 0
 0.02550999968400413 0
 0.02550999968400413 0
 0.02550999968400413 0
 0.02550999968400413 0
 0.02550999968400413 0
 0.02550999968400413 0
 0.02550999968400413 0
 0.02550999968400413 0
 0.02550999968400413 0
 0.02550999968400413 0
 0.02550999968400413 0
 0.025509999681522483 0
 0.025509999681522483 0
 0.025509999681522483 0
 0.025509999681522483 0
 0.025509999681522483 0
 0.025509999681522483 0
 0.025509999681522483 0
 0.025509999681515533 0
 0.025509999681515533 0
 0.025509999681515533 0
 0.025509999681515533 0
 0.025509999681515533 0
 0.025509999681515533 0
 0.025509999681515533 0
 0.025509999681515533 0
 0.025509999681515533 0
 0.025509999681515533 0
 0.025509999681515533 0
 0.025509999681515533 0
 0.025509999681515533 0
 0.025509999681515533 0
 0.025509999681515533 0
 0.025509999681515533 0
 0.025509999681515533 0
 0.025509999681515533 0
 0.025509999681515533 0
 0.025509999681515533 0
 0.025509999681515533 0
 0.025509999681515533 0
 0.025509999681515533 0
 0.025509999681515533 0
 0.025509999681515533 0
 0.025509999681515533 0
 0.025509999681515533 0
 0.025509999681515533 0
 0.025509999681515533 0
 0.025509999681515533 0
 0.025509999681515533 0
 0.025509999677392592 0
 0.025509999677392592 0
 0.025509999677392592 0
 0.025509999677392592 0
 0.02550999967738746 0
 0.02550999967738746 0
 0.025509999677335405 0
 0.025509999677307164 0
 0.025509999677307164 0
 0.02550999967730238 0
 0.025509999638076673 0
 0.025509999638076673 0
 0.025509999638076673 0
 0.025509999638076673 0
 0.0255099996374632 0
 0.0255099996374632 0
 0.0255099996374632 0
 0.0255099996374632 0
 0.0255099996374632 0
 0.0255099996374632 0
 0.0255099996374632 0
 0.0255099996374632 0
 0.0255099996374632 0
 0.0255099996374632 0
 0.0255099996374632 0
 0.0255099996374632 0
 0.0255099996374632 0
 0.0255099996374632 0
 0.0255099996374632 0
 0.0255099996374632 0
 0.0255099996374632 0
 0.0255099996374632 0
 0.0255099996374632 0
 0.0255099996374632 0
 0.0255099996374632 0
 0.0255099996374632 0
 0.0255099996374632 0
 0.0255099996374632 0
 0.0255099996374632 0
 0.0255099996374632 0
 0.0255099996374632 0
 0.0255099996374632 0
 0.0255099996374632 0
 0.0255099996374632 0
 0.0255099996374632 0
 0.0255099996374632 0
 0.0255099996374632 0
 0.0255099996374632 0
 0.0255099996374632 0
 0.0255099996374632 0
 0.0255099996374632 0
 0.0255099996374632 0
 0.0255099996374632 0
 0.0255099996374632 0
 0.0255099996374632 0
 0.0255099996374632 0
 0.0255099996374632 0
 0.0255099996374632 0
 0.0255099996374632 0
 0.0255099996374632 0
 0.0255099996374632 0
 0.0255099996374632 0
 0.0255099996374632 0
 0.0255099996374632 0
 0.0255099996374632 0
 0.0255099996374632 0
 0.0255099996374632 0
 0.0255099996374632 0
 0.0255099996374632 0
 0.0255099996374632 0
 0.0255099996374632 0
 0.0255099996374632 0
 0.0255099996374632 0
 0.0255099996374632 0
 0.0255099996374632 0
 0.0255099996374632 0
 0.0255099996374632 0
 0.0255099996374632 0
 0.0255099996374632 0
 0.0255099996374632 0
 0.0255099996374632 0
 0.0255099996374632 0
 0.0255099996374632 0
 0.0255099996374632 0
 0.0255099996374632 0
 0.0255099996374632 0
 0.0255099996374632 0
 0.0255099996374632 0
 0.0255099996374632 0
 0.0255099996374632 0
 0.0255099996374632 0
 0.0255099996374632 0
 0.0255099996374632 0
 0.0255099996374632 0
 0.0255099996374632 0
 0.0255099996374632 0
 0.0255099996374632 0
 0.0255099996374632 0
 0.0255099996374632 0
 0.0255099996374632 0
 0.0255099996374632 0
 0.0255099996374632 0
 0.0255099996374632 0
 0.0255099996374632 0
 0.0255099996374632 0
 0.0255099996374632 0
 0.0255099996374632 0
 0.0255099996374632 0
 0.0255099996374632 0
 0.0255099996374632 0
 0.0255099996374632 0
 0.0255099996374632 0
 0.0255099996374632 0
 0.0255099996374632 0
 0.0255099996374632 0
 0.0255099996374632 0
 0.0255099996374632 0
 0.0255099996374632 0
 0.0255099996374632 0
 0.0255099996374632 0
 0.0255099996374632 0
 0.0255099996374632 0
 0.0255099996374632 0
 0.0255099996374632 0
 0.0255099996374632 0
 0.0255099996374632 0
 0.0255099996374632 0
 0.0255099996374632 0
 0.0255099996374632 0
 0.0255099996374632 0
 0.0255099996374632 0
 0.0255099996374632 0
 0.0255099996374632 0
 0.0255099996374632 0
 0.0255099996374632 0
 0.0255099996374632 0
 0.0255099996374632 0
 0.0255099996374632 0
 0.0255099996374632 0
 0.0255099996374632 0
 0.0255099996374632 0
 0.0255099996374632 0
 0.0255099996374632 0
 0.0255099996374632 0
 0.0255099996374632 0
 0.025509999636608213 0
 0.025509999636608063 0
 0.025509999636608063 0
 0.025509999636599577 0
 0.025509999636599577 0
 0.025509999636587843 0
 0.025509999636587843 0
 0.025509999636587843 0
 0.025509999636587843 0
 0.025509999636587843 0
 0.025509999636587843 0
 0.025509999636587843 0
 0.025509999636587843 0
 0.025509999636587843 0
 0.025509999636587843 0
 0.025509999636587843 0
 0.025509999636587843 0
 0.025509999636587843 0
 0.025509999636587843 0
 0.025509999636587843 0
 0.025509999636587843 0
 0.025509999636587843 0
 0.025509999636587843 0
 0.025509999636587843 0
 0.025509999636587843 0
 0.025509999636587843 0
 0.025509999636587843 0
 0.025509999636587843 0
 0.025509999636587843 0
 0.025509999636587843 0
 0.025509999636587843 0
 0.025509999636587843 0
 0.025509999636587843 0
 0.025509999636587843 0
 0.025509999636587843 0
 0.025509999636587843 0
 0.025509999636587843 0
 0.025509999636587843 0
 0.025509999636587843 0
 0.025509999636587843 0
 0.025509999636587843 0
 0.025509999636587843 0
 0.025509999636587843 0
 0.025509999636587843 0
 0.025509999636587843 0
 0.025509999636587843 0
 0.025509999636587843 0
 0.025509999636587843 0
 0.025509999636587843 0
 0.025509999636587843 0
 0.025509999636587843 0
 0.025509999636587843 0
 0.025509999636587843 0
 0.025509999636587843 0
 0.025509999636587843 0
 0.025509999636587843 0
 0.025509999636587843 0
 0.025509999636587843 0
 0.025509999636587843 0
 0.025509999636587843 0
 0.025509999636587843 0
 0.025509999636587843 0
 0.025509999636587843 0
 0.025509999636587843 0
 0.025509999636587843 0
 0.025509999636587843 0
 0.025509999636587843 0
 0.025509999636587843 0
 0.025509999636587843 0
 0.025509999636587843 0
 0.025509999636587843 0
 0.025509999636587843 0
 0.025509999636587843 0
 0.025509999636587843 0
 0.025509999636587843 0
 0.025509999636587843 0
 0.025509999636587843 0
 0.025509999636587843 0
 0.025509999636587843 0
 0.025509999636587843 0
 0.025509999636587843 0
 0.025509999636587843 0
 0.025509999636587843 0
 0.025509999636587843 0
 0.025509999636587843 0
 0.025509999636587843 0
 0.025509999636587843 0
 0.025509999636587843 0
 0.025509999636587843 0
 0.025509999636587843 0
 0.025509999636587843 0
 0.025509999636587843 0
 0.025509999636587843 0
 0.025509999636587843 0
 0.025509999636587843 0
 0.025509999636587843 0
 0.025509999636587843 0
 0.025509999636587843 0
 0.025509999636587843 0
 0.025509999636587843 0
 0.025509999636587843 0
 0.025509999636587843 0
 0.025509999636587843 0
 0.025509999636587843 0
 0.025509999636587843 0
 0.025509999636587843 0
 0.025509999636587843 0
 0.025509999636587843 0
 0.025509999636587843 0
 0.025509999636587843 0
 0.025509999636587843 0
 0.025509999636587843 0
 0.025509999636587843 0
 0.025509999636587843 0
 0.025509999636587843 0
 0.025509999636587843 0
 0.025509999636587843 0
 0.025509999636587843 0
 0.025509999636587843 0
 0.025509999636587843 0
 0.025509999636587843 0
 0.025509999636587843 0
 0.025509999636587843 0
 0.025509999636587843 0
 0.025509999636587843 0
 0.025509999636587843 0
 0.025509999636587843 0
 0.025509999636587843 0
 0.025509999636587843 0
 0.025509999636587843 0
 0.025509999636587843 0
 0.025509999636587843 0
 0.025509999636587843 0
 0.025509999636587843 0
 0.025509999636587843 0
 0.025509999636587843 0
 0.025509999636587843 0
 0.025509999636587843 0
 0.025509999636587843 0
 0.025509999636587843 0
 0.025509999636587843 0
 0.025509999636587843 0
 0.025509999636587843 0
 0.025509999636587843 0
 0.025509999636587843 0
 0.025509999636587843 0
 0.025509999636587843 0
 0.025509999636587843 0
 0.025509999636587843 0
 0.025509999636587843 0
 0.025509999636587843 0
 0.025509999636587843 0
 0.025509999636587843 0
 0.025509999636587843 0
 0.025509999636587843 0
 0.025509999636587843 0
 0.025509999636587843 0
 0.025509999636587843 0
 0.025509999636587843 0
 0.025509999636587843 0
 0.025509999636587843 0
 0.025509999636587843 0
 0.025509999636587843 0
 0.025509999636587843 0
 0.025509999636587843 0
 0.025509999636587843 0
 0.025509999636587843 0
 0.025509999636587843 0
 0.025509999636587843 0
 0.025509999636587843 0
 0.025509999636587843 0
 0.025509999636587843 0
 0.025509999636587843 0
 0.025509999636587843 0
 0.025509999636587843 0
 0.025509999636587843 0
 0.025509999636587843 0
 0.025509999636587843 0
 0.025509999636587843 0
 0.025509999636587843 0
 0.025509999636587843 0
 0.025509999636587843 0
 0.025509999636587843 0
 0.025509999636587843 0
 0.025509999636587843 0
 0.025509999636587843 0
 0.025509999636587843 0
 0.025509999636587843 0
 0.025509999636587843 0
 0.025509999636587843 0
 0.025509999636587843 0
 0.025509999636587843 0
 0.025509999636587843 0
 0.025509999636587843 0
 0.025509999636587843 0
 0.025509999636587843 0
 0.025509999636587843 0
 0.025509999636587843 0
 0.025509999636587843 0
 0.025509999636587843 0
 0.025509999636587843 0
 0.025509999636587843 0
 0.025509999636587843 0
 0.025509999636587843 0
 0.025509999636587843 0
 0.025509999636587843 0
 0.025509999636587843 0
 0.025509999636587843 0
 0.025509999636587843 0
 0.025509999636587843 0
 0.025509999636587843 0
 0.025509999636587843 0
 0.025509999636587843 0
 0.025509999636587843 0
 0.025509999636587843 0
 0.025509999636587843 0
 0.025509999636587843 0
 0.025509999636587843 0
 0.025509999636587843 0
 0.025509999636587843 0
 0.025509999636587843 0
 0.025509999636587843 0
 0.025509999636587843 0
 0.025509999636587843 0
 0.025509999636587843 0
 0.025509999636587843 0
 0.025509999636587843 0
 0.025509999636587843 0
 0.025509999636587843 0
 0.025509999636587843 0
 0.025509999636587843 0
 0.025509999636587843 0
 0.025509999636587843 0
 0.025509999636587843 0
 0.025509999636587843 0
 0.025509999636587843 0
 0.025509999636587843 0
 0.025509999636587843 0
 0.025509999636587843 0
 0.025509999636587843 0
 0.025509999636587843 0
 0.025509999636587843 0
 0.025509999636587843 0
 0.025509999636587843 0
 0.025509999636587843 0
 0.025509999636587843 0
 0.025509999636587843 0
 0.025509999636587843 0
 0.025509999636587843 0
 0.025509999636587843 0
 0.025509999636587843 0
 0.025509999636587843 0
 0.025509999636587843 0
