0.17269350552297985 7
0.14972185090147488 7
0.1311072436632131 7
0.09150711888382305 7
0.09150711888382305 7
0.08003958669893037 7
0.07973633180344628 7
0.07381127392957107 7
0.06778356548208467 7
0.06496517508040368 7
0.06496517508040368 7
0.06496517508040368 7
0.063158887167096 7
0.0622767619804797 7
0.06114913704266705 7
0.05819939661487637 7
0.05819939661487637 7
0.05817507184910967 7
0.05785759962790905 7
0.057731986552399056 7
0.05710392430152021 7
0.05706171102906912 7
0.0569594594949185 7
0.056477049351435965 7
0.056477049351435965 7
0.05642073510431489 7
0.0560422912014017 7
0.0559246476551465 7
0.055771043382347375 7
0.05568475089035248 7
0.055584727527563715 7
0.055536933148886865 7
0.05551420830431407 7
0.055511251269750414 7
0.05545292509121875 7
0.05535256637352541 7
0.055318081236555794 7
0.05525000490872169 7
0.05525000490872169 7
0.05525000490872169 7
0.055247103460314854 7
0.055247103460314854 7
0.055239313918898865 7
0.05523262363600166 7
0.05523063012178649 7
0.055227545188312646 7
0.055227545188312646 7
0.05520940551729081 7
0.05520940551729081 7
0.055203646855710636 7
0.055201475742422415 7
0.055199818322084766 7
0.055199818322084766 7
0.05519919455650186 7
0.05519424620511451 7
0.05518489764142286 7
0.05518489764142286 7
0.05518489764142286 7
0.05518489764142286 7
0.05518489764142286 7
0.05518489764142286 7
0.05517829270763092 7
0.05517564925706582 7
0.05517364876577579 7
0.05517357439654049 7
0.055167499673429835 7
0.055167499673429835 7
0.055167499673429835 7
0.05516623759545077 7
0.05516620286689995 7
0.05516620286689995 7
0.05516620286689995 7
0.05516620286689995 7
0.055164992370106906 7
0.055164992370106906 7
0.055164992370106906 7
0.055164992370106906 7
0.055164570620990463 7
0.05516338165825873 7
0.05516219816233062 7
0.055162187534330165 7
0.055162187534330165 7
0.055162187534330165 7
0.05516217366026305 7
0.05516217366026305 7
0.0551621582269493 7
0.055161953215944276 7
0.055161953215944276 7
0.05516192543172638 7
0.05516192210617689 7
0.055161820393489554 7
0.05516176309892231 7
0.05516109975526337 7
0.05516109975526337 7
0.05516109975526337 7
0.055160743792896816 7
0.055160743792896816 7
0.05516074109755902 7
0.05516074109755902 7
0.0551607192500602 7
0.05516063055130907 7
0.0551605918588628 7
0.05516058015816941 7
0.05515605015299499 7
0.055155993663990904 7
0.055155983530716775 7
0.055155876239337036 7
0.055155876239337036 7
0.055155795697822724 7
0.055155795697822724 7
0.055155795697822724 7
0.055155795697822724 7
0.055155774630062764 7
0.05515572507928982 7
0.05515568403406668 7
0.05515568403406668 7
0.0551556534819069 7
0.0551556534819069 7
0.05515564333919889 7
0.05515564333919889 7
0.05515561997420785 7
0.055155592164499716 7
0.055155584199278386 7
0.05515414565152481 7
0.05515414565152481 7
0.05515413926087999 7
0.05515405745031387 7
0.05515405745031387 7
0.05515399745012429 7
0.05515398902286042 7
0.05515398902286042 7
0.05515392494033156 7
0.055153000329235174 7
0.05515300007900353 7
0.055152906010981384 7
0.055152906010981384 7
0.05515288289996461 7
0.055152861631506796 7
0.055152861631506796 7
0.055152861631506796 7
0.0551528467985769 7
0.0551528467985769 7
0.0551528467985769 7
0.0551528391736415 7
0.0551528391736415 7
0.0551528391736415 7
0.05515283585786748 7
0.05515283585786748 7
0.05515281795803765 7
0.05515281795803765 7
0.055152809433844416 7
0.055152809433844416 7
0.055152793103049366 7
0.05515279308741797 7
0.05515278492239017 7
0.055152758276850976 7
0.05515274190653775 7
0.05515274190653775 7
0.05515274190653775 7
0.05515274190653775 7
0.055152721858037546 7
0.055152721858037546 7
0.055152711978553724 7
0.055152711978553724 7
0.055152711978553724 7
0.055152711978553724 7
0.05515270836427581 7
0.05515270836427581 7
0.05515270348855913 7
0.05515270348855913 7
0.05515270348855913 7
0.05515270348855913 7
0.05515270348855913 7
0.05515269711078631 7
0.05515269578391375 7
0.05515269578391375 7
0.055152682023687026 7
0.05514204806714186 7
0.05514204806714186 7
0.05514204806714186 7
0.05514204806714186 7
0.05514204806714186 7
0.055141143645348986 7
0.055141143645348986 7
0.05514070495557754 7
0.05514070495557754 7
0.05514070495557754 7
0.05514066489199849 7
0.05514066489199849 7
0.05514066489199849 7
0.055140664673800265 7
0.055140664673800265 7
0.05514064953950461 7
0.05514064953950461 7
0.05514064953950461 7
0.055140645559391 7
0.05514062460833288 7
0.05514062373082493 7
0.05514062373082493 7
0.05514062326106663 7
0.05514062301467682 7
0.05514062301467682 7
0.055140622796177936 7
0.055140622557120295 7
0.05514062255704155 7
0.05514062254466693 7
0.055140621737501644 7
0.05514062129149672 7
0.05514062129149672 7
0.05514062129149672 7
0.05514062119545107 7
0.05514062119545107 7
0.05514062119545107 7
0.05514062115525938 7
0.05514062115525938 7
0.055140621143879465 7
0.055140621143879465 7
0.055140621143879465 7
0.05514062104783476 7
0.05514062104567009 7
0.05514062104343737 7
0.055140618235176055 7
0.055140618235176055 7
0.055140618235176055 7
0.05514061821493502 7
0.055140618084946615 7
0.05514061804970809 7
0.05514061802577046 7
0.05514061791053374 7
0.05514057731065728 7
0.05514057731065728 7
0.05514057731065728 7
0.05514057731065728 7
0.055140576979596005 7
0.0551405749296057 7
0.05514057411538207 7
0.05514057411538207 7
0.05514057405567839 7
0.055140573918841224 7
0.05514056346925609 7
0.055140563469148064 7
0.055140068419549944 7
0.055140068419549944 7
0.05514005480862665 7
0.05514005480862665 7
0.05514005480862665 7
0.05514005374448857 7
0.05514004642418058 7
0.055140043250290545 7
0.055140040440708374 7
0.05514004043663875 7
0.05514004015165185 7
0.05514004015165185 7
0.05514004015165185 7
0.05514004015165185 7
0.05514004015165185 7
0.05514004015165185 7
0.05514003772849127 7
0.05514003772849127 7
0.05514003768291885 7
0.0551400374297856 7
0.0551400374297856 7
0.055140037428516135 7
0.05514003742678873 7
0.05514003742492775 7
0.05514003742492775 7
0.05514003742492775 7
0.05514003742492775 7
0.05514003742492775 7
0.055140037424421584 7
0.055140037424421584 7
0.055140037424421584 7
0.05514003742397293 7
0.05514003727709069 7
0.05514003720270172 7
0.055140037197638256 7
0.055140037197638256 7
0.055140037197638256 7
0.055140037197638256 7
0.05514003709262381 7
0.05514003709262381 7
0.05514003696336311 7
0.05514003696336311 7
0.05514003684582505 7
0.05514003684582505 7
0.05514003684582505 7
0.05514003682702259 7
0.055140036711992836 7
0.055140036711992836 7
0.05514003475198642 7
0.05514003461026346 7
0.05514003459621107 7
0.05514003459621107 7
0.055140034356163214 7
0.055140034356163214 7
0.055140034356163214 7
0.055140034356163214 7
0.055139975093771006 7
0.055139975093771006 7
0.0551399750890902 7
0.0551399750890902 7
0.055139974778470435 7
0.05513997320426158 7
0.05513997320426158 7
0.05513997320426158 7
0.05513997173310968 7
0.05513997173310968 7
0.05513997173310968 7
0.05513997173310968 7
0.05513997173310968 7
0.05513997160288355 7
0.05513997160288355 7
0.055139971568230355 7
0.055139971568230355 7
0.055139971568230355 7
0.055139971568230355 7
0.055139969970366666 7
0.055139969970366666 7
0.055139969970366666 7
0.055139969970366666 7
0.055139969945691446 7
0.05513996982543853 7
0.05513996982543853 7
0.05513996964998959 7
0.05513996956577657 7
0.05513996956577657 7
0.05513996956577657 7
0.05513996949928704 7
0.05513996949928704 7
0.05513996949381761 7
0.05513996948711241 7
0.05513996945478517 7
0.05513996945478517 7
0.05513996942581003 7
0.055139969422919974 7
0.05513996938153699 7
0.05513996938153699 7
0.05513996938153699 7
0.05513996938153699 7
0.0551399693332267 7
0.0551399693332267 7
0.0551399693332267 7
0.0551399693332267 7
0.0551399693332267 7
0.05513996932822511 7
0.05513996932822511 7
0.05513996932822511 7
0.05513996932822511 7
0.05513996932822511 7
0.05513996932822511 7
0.05513996932822511 7
0.05513996932822511 7
0.05513996932822511 7
0.05513996932822511 7
0.05513996932822511 7
0.05513996932822511 7
0.05513996932822511 7
0.05513996932822511 7
0.05513996932822511 7
0.05513996932822511 7
0.05513996932822511 7
0.05513996932822511 7
0.05513996932822511 7
0.05513996932822511 7
0.05513996932822511 7
0.055139968954476155 7
0.055139968954476155 7
0.055139968954476155 7
0.055139968954476155 7
0.055139968954476155 7
0.05513996894773048 7
0.055139968945674696 7
0.05513996894225849 7
0.05513996894225849 7
0.055139968941606034 7
0.05513996845301529 7
0.05513996845301529 7
0.05513996845301529 7
0.05513996845156964 7
0.05513996845156964 7
0.05513996845156964 7
0.05513996845156964 7
0.05513996845156964 7
0.0551399684489969 7
0.0551399684489969 7
0.0551399684489969 7
0.05513996844622939 7
0.05513996843369931 7
0.05513996843369931 7
0.05513996843369931 7
0.05513996843369931 7
0.05513996843369931 7
0.05513996843369931 7
0.05513996843369931 7
0.05513996843369931 7
0.05513996843369931 7
0.05513996843369931 7
0.05513996843369931 7
0.055139968273347204 7
0.055139968273347204 7
0.05513996827071245 7
0.055139966996031846 7
0.055139966996031846 7
0.055139966996031846 7
0.055139966996031846 7
0.055139966996031846 7
0.055139966987181 7
0.055139966987181 7
0.055139966987181 7
0.055139966987181 7
0.055139966987181 7
0.05513996698014229 7
0.05513996698014229 7
0.05513996698014229 7
0.05513996698014229 7
0.05513996698014229 7
0.055139966979744916 7
0.055139966979744916 7
0.055139966979744916 7
0.055139966979744916 7
0.055139966979744916 7
0.055139966979744916 7
0.055139966979744916 7
0.055139966979744916 7
0.055139966979744916 7
0.055139966979744916 7
0.055139966979744916 7
0.055139966979744916 7
0.055139966979744916 7
0.05513875012724347 7
0.05513875012724347 7
0.05513875012724347 7
0.05513874104721989 7
0.0551387198636303 7
0.0551387198636303 7
0.0551387198636303 7
0.0551387198636303 7
0.055138719673832305 7
0.055138719591374445 7
0.055138719591374445 7
0.05513871951649079 7
0.055138719375943175 7
0.055138719375943175 7
0.055138719375943175 7
0.055138719375943175 7
0.055138719331982396 7
0.055138719331982396 7
0.055138719331982396 7
0.05513871922063018 7
0.05513871922063018 7
0.055138719176612595 7
0.055138719176612595 7
0.055138719176612595 7
0.055138719176612595 7
0.05513871889461534 7
0.05513871889461534 7
0.05513871889461534 7
0.055138718888823025 7
0.05513871872791743 7
0.05513871872791743 7
0.055138718726655184 7
0.055138718726655184 7
0.055138718726655184 7
0.05513871872036232 7
0.05513871872024824 7
0.05513871872024824 7
0.05513871872022442 7
0.05513871871920146 7
0.05513871871920146 7
0.05513871871920146 7
0.05513871871920146 7
0.05513871871920146 7
0.05513871871920146 7
0.05513871871920146 7
0.05513871871920146 7
0.05513871847867279 7
0.05513871847867279 7
0.05513871847867279 7
0.0551387184292202 7
0.0551387184292202 7
0.0551387184292202 7
0.0551387184292202 7
0.055138718394189705 7
0.05513871835374171 7
0.05513871834034502 7
0.05513871834034502 7
0.05513871834034502 7
0.05513871834034502 7
0.05513871833943006 7
0.055138718339197486 7
0.05513871833820634 7
0.05513871833801263 7
0.05513871833760126 7
0.05513871833760126 7
0.05513871833760126 7
0.05513871833760126 7
0.05513871833760126 7
0.05513871833760126 7
0.05513871833760126 7
0.05513871833760126 7
0.05513871833760126 7
0.05513871833760126 7
0.05513871833760126 7
0.05513871833760126 7
0.05513871833760126 7
0.05513871833760126 7
0.05513871833760126 7
0.05513871833760126 7
0.05513871833760126 7
0.05513871833760126 7
0.05513871833760126 7
0.05513871833760126 7
0.05513871833760126 7
0.05513871833760126 7
0.05513871833760126 7
0.05513871833760126 7
0.05513871833760126 7
0.05513871833760126 7
0.05513871833760126 7
0.05513871833760126 7
0.05513871833760126 7
0.05513871833760126 7
0.05513871833760126 7
0.05513871833760126 7
0.05513865498879984 7
0.05513865498879984 7
0.05513865498879984 7
0.05513865498879984 7
0.05513865498879984 7
0.05513865470048364 7
0.0551386522957796 7
0.0551386522957796 7
0.0551386522957796 7
0.05513865217330152 7
0.05513865217330152 7
0.05513865217330152 7
0.05513865217330152 7
0.05513865217330152 7
0.05513865217330152 7
0.05513865217330152 7
0.05513865217330152 7
0.05513865217330152 7
0.05513865217330152 7
0.05513865217330152 7
0.05513865217330152 7
0.05513865217330152 7
0.05513865217330152 7
0.05513865217330152 7
0.05513865217330152 7
0.05513865217330152 7
0.05513865217330152 7
0.05513865217330152 7
0.05513865179646984 7
0.05513865179559228 7
0.05513865179559228 7
0.05513865179431789 7
0.055138651793219716 7
0.055138651784956395 7
0.05513865177553634 7
0.05513865177553634 7
0.055138651775382914 7
0.055138651775382914 7
0.055138651775382914 7
0.05513865177520301 7
0.05513865177520301 7
0.05513865177520301 7
0.05513865177520301 7
0.05513865177520301 7
0.05513865177520301 7
0.05513865177520301 7
0.05513865177520301 7
0.05513865177520301 7
0.05513865177520301 7
0.05513865177520301 7
0.05513865177520301 7
0.05513865177520301 7
0.05513865177520301 7
0.05513865177520301 7
0.05513865177520301 7
0.05513865177520301 7
0.05513865177520301 7
0.05513865177520301 7
0.05513865177520301 7
0.05513865177520301 7
0.05513865177520301 7
0.05513865177520301 7
0.05513865177520301 7
0.05513865177520301 7
0.05513865177520301 7
0.05513865177520301 7
0.05513865177520301 7
0.05513865151314255 7
0.05513865151314255 7
0.05513865151314255 7
0.05513865151314255 7
0.05513865151314255 7
0.05513865151314255 7
0.05513865151314255 7
0.05513865151314255 7
0.05513865151314255 7
0.05513865151314255 7
0.055138651513140895 7
0.055138651513140895 7
0.055138651513140895 7
0.055138651513140895 7
0.055138651513140895 7
0.055138651513140895 7
0.055138651513140895 7
0.055138651513140895 7
0.055138651513140895 7
0.055138651513140895 7
0.055138651513140895 7
0.055138651513140895 7
0.055138651513140895 7
0.055138651513140895 7
0.055138651513140895 7
0.055138651513140895 7
0.055138651513140895 7
0.055138651513140895 7
0.055138651513140895 7
0.055138651513140895 7
0.055138651513140895 7
0.055138651513140895 7
0.055138651513140895 7
0.055138651513140895 7
0.055138651513140895 7
0.055138651513140895 7
0.055138651513140895 7
0.055138651513140895 7
0.055138651513140895 7
0.055138651513140895 7
0.055138651513140895 7
0.055138651513140895 7
0.055138651513140895 7
0.055138651513140895 7
0.055138651513140895 7
0.055138651513140895 7
0.055138651513140895 7
0.055138651513140895 7
0.055138651513140895 7
0.055138651513140895 7
0.055138651513140895 7
0.055138651513140895 7
0.055138651513140895 7
0.055138651513140895 7
0.055138651513140895 7
0.055138651513140895 7
0.055138651513140895 7
0.055138651513140895 7
0.055138651513140895 7
0.055138651513140895 7
0.055138651513140895 7
0.055138651513140895 7
0.055138651513140895 7
0.055138651513140895 7
0.055138651513140895 7
0.055138651513140895 7
0.055138651513140895 7
0.05513865113113211 7
0.05513865113113211 7
0.05513865113113211 7
0.05513865113113211 7
0.05513865113113211 7
0.05513865113113211 7
0.05513865113113211 7
0.05513865113113211 7
0.05513865112055414 7
0.05513865112055414 7
0.05513865111716188 7
0.05513865111716188 7
0.055138651116332926 7
0.055138651116233506 7
0.055138651116009206 7
0.055138651116009206 7
0.0551386511158404 7
0.0551386511158404 7
0.0551386511158404 7
0.0551386511158404 7
0.0551386511158404 7
0.0551386511158404 7
0.0551386511158404 7
0.0551386511158404 7
0.0551386511158404 7
0.0551386511158404 7
0.0551386511158404 7
0.0551386511158404 7
0.0551386511158404 7
0.0551386511158404 7
0.0551386511158404 7
0.0551386511158404 7
0.0551386511158404 7
0.0551386511158404 7
0.0551386511158404 7
0.0551386511158404 7
0.0551386511158404 7
0.0551386511158404 7
0.0551386511158404 7
0.0551386511158404 7
0.0551386511158404 7
0.0551386511158404 7
0.0551386511158404 7
0.0551386511158404 7
0.0551386511158404 7
0.0551386511158404 7
0.0551386511158404 7
0.0551386511158404 7
0.0551386511158404 7
0.0551386511158404 7
0.0551386511158404 7
0.0551386511158404 7
0.0551386511158404 7
0.0551386511158404 7
0.0551386511158404 7
0.0551386511158404 7
0.0551386511158404 7
0.0551386511158404 7
0.0551386511158404 7
0.0551386511158404 7
0.0551386511158404 7
0.0551386511158404 7
0.0551386511158404 7
0.0551386511158404 7
0.0551386511158404 7
0.0551386511158404 7
0.0551386511158404 7
0.0551386511158404 7
0.0551386511158404 7
0.0551386511158404 7
0.0551386511158404 7
0.0551386511158404 7
0.0551386511158404 7
0.0551386511158404 7
0.0551386511158404 7
0.0551386511158404 7
0.0551386511158404 7
0.0551386511158404 7
0.0551386511158404 7
0.0551386511158404 7
0.0551386511158404 7
0.0551386511158404 7
0.0551386511158404 7
0.0551386511158404 7
0.0551386511158404 7
0.0551386511158404 7
0.0551386511158404 7
0.0551386511158404 7
0.0551386511158404 7
0.0551386511158404 7
0.0551386511158404 7
0.0551386511158404 7
0.0551386511158404 7
0.0551386511158404 7
0.0551386511158404 7
0.0551386511158404 7
0.0551386511158404 7
0.0551386511158404 7
0.0551386511158404 7
0.0551386511158404 7
0.0551386511158404 7
0.0551386511158404 7
0.0551386511158404 7
0.0551386511158404 7
0.0551386511158404 7
0.0551386511158404 7
0.0551386511158404 7
0.0551386511158404 7
0.0551386511158404 7
0.0551386511158404 7
0.0551386511158404 7
0.0551386511158404 7
0.0551386511158404 7
0.0551386511158404 7
0.0551386511158404 7
0.0551386511158404 7
0.0551386511158404 7
0.0551386511158404 7
0.0551386511158404 7
0.0551386511158404 7
0.0551386511158404 7
0.0551386511158404 7
0.0551386511158404 7
0.0551386511158404 7
0.0551386511158404 7
0.0551386511158404 7
0.0551386511158404 7
0.0551386511158404 7
0.0551386511158404 7
0.0551386511158404 7
0.0551386511158404 7
0.0551386511158404 7
0.0551386511158404 7
0.0551386511158404 7
0.0551386511158404 7
0.0551386511158404 7
0.0551386511158404 7
0.0551386511158404 7
0.0551386511158404 7
0.0551386511158404 7
0.05513865107971037 7
0.05513865107971037 7
0.05513865107971037 7
0.05513865107971037 7
0.05513865107968466 7
0.05513865107968466 7
0.05513865107966731 7
0.055138651079648174 7
0.055138651079648174 7
0.055138651079643504 7
0.055138651079643504 7
0.055138651079643504 7
0.05513865107964284 7
0.05513865107964284 7
0.05513865107964284 7
0.05513865107964284 7
0.05513865107964284 7
0.05513865107964284 7
0.05513865107964284 7
0.05513865107964284 7
0.05513865107964284 7
0.05513865107964284 7
0.05513865107964284 7
0.05513865107964284 7
0.05513865107964284 7
0.05513865107964284 7
0.05513865107964284 7
0.05513865107964284 7
0.05513865107964284 7
0.05513865107964284 7
0.05513865107964284 7
0.05513865107964284 7
0.05513865107964284 7
0.05513865107964284 7
0.05513865107964284 7
0.05513865107964284 7
0.05513865107964284 7
0.05513865107964284 7
0.05513865107964284 7
0.05513865107964284 7
0.05513865107964284 7
0.05513865107964284 7
0.05513865107964284 7
0.05513865107964284 7
0.05513865107964284 7
0.05513865107964284 7
0.05513865107964284 7
0.05513865107964284 7
0.05513865107964284 7
0.05513865107964284 7
0.05513865107964284 7
0.05513865107964284 7
0.05513865107964284 7
0.05513865107964284 7
0.05513865107964284 7
0.05513865107964284 7
0.05513865107964284 7
0.05513865107964284 7
0.05513865107964284 7
0.05513865107964284 7
0.05513865107964284 7
0.05513865107964284 7
0.05513865107964284 7
0.05513865107964284 7
0.05513865107964284 7
0.05513865107964284 7
0.05513865107964284 7
0.05513865107964284 7
0.05513865107964284 7
0.05513865107964284 7
0.05513865107964284 7
0.05513865107964284 7
0.05513865107964284 7
0.05513865107964284 7
0.05513865107964284 7
0.05513865107964284 7
0.05513865107964284 7
0.05513865107964284 7
0.05513865107964284 7
0.05513865107964284 7
0.05513865107964284 7
0.05513865107964284 7
0.05513865107964284 7
0.05513865107964284 7
0.05513865107964284 7
0.05513865107964284 7
0.05513865107964284 7
0.05513865107964284 7
0.05513865107964284 7
0.05513865107964284 7
0.05513865107964284 7
0.05513865107964284 7
0.05513865107964284 7
0.05513865107964284 7
0.05513865107964284 7
0.05513865107964284 7
0.05513865107964284 7
0.05513865107964284 7
0.05513865107964284 7
0.05513865107964284 7
0.05513865107964284 7
0.05513865107964284 7
0.05513865107964284 7
0.05513865107964284 7
0.05513865107964284 7
0.05513865107964284 7
0.05513865107964284 7
0.05513865107964284 7
0.05513865107964284 7
0.05513865107964284 7
0.05513865107964284 7
0.05513865107964284 7
0.05513865107964284 7
0.05513865107964284 7
0.05513865107964284 7
0.05513865107964284 7
0.05513865107964284 7
0.05513865107964284 7
0.05513865107964284 7
0.05513865107964284 7
0.05513865107964284 7
0.05513865107964284 7
0.05513865107964284 7
0.05513865107964284 7
0.05513865107964284 7
0.05513865107964284 7
0.05513865107964284 7
0.05513865107964284 7
0.05513865107964284 7
0.055135959465544525 7
0.055135959465544525 7
0.055135959465544525 7
0.055135959465544525 7
0.055135959465544525 7
0.055135959465544525 7
0.055135959465544525 7
0.055135959465544525 7
0.05513595943394675 7
0.05513595943394675 7
0.05513595943262349 7
0.05513595943262349 7
0.05513595943262349 7
0.05513595943262349 7
0.05513595943084974 7
0.05513595943084974 7
0.05513595942990557 7
0.05513595942990557 7
0.05513595942990557 7
0.05513595942990557 7
0.05513595942990557 7
0.05513595942990557 7
0.05513595942990557 7
0.05513595942990557 7
0.05513595942990557 7
0.05513595942990557 7
0.05513595942990557 7
0.05513595942990557 7
0.05513595942990557 7
0.05513595942990557 7
0.05513556631233517 7
0.05513556631233517 7
0.05513556631233517 7
0.05513556631233517 7
0.055135563923242335 7
0.055135555081823315 7
0.055135555081823315 7
0.055135555081823315 7
0.05513554552976082 7
0.05513554552976082 7
0.05513554402321169 7
0.05513554402321169 7
0.05513554402321169 7
0.05513554402321169 7
0.05513554402321169 7
0.05513554402321169 7
0.05513554402321169 7
0.05513554402321169 7
0.05513554402321169 7
0.05513554402321169 7
0.05513554402321147 7
0.055135544023210435 7
0.055135544023210435 7
0.055135544023210435 7
0.055135544023210435 7
0.055135544023210435 7
0.055135544023210435 7
0.055135544023210435 7
0.055135544023210435 7
0.055135544023210435 7
0.055135544023210435 7
0.055135544023210435 7
0.055135544023210435 7
0.055135544023210435 7
0.055135544023210435 7
0.055135544023210435 7
0.055135544023210435 7
0.055135544023210435 7
0.055135544023210435 7
0.055135544023210435 7
0.055135544023210435 7
0.055135544023210435 7
0.055135544023210435 7
0.055135544023210435 7
0.055135544023210435 7
0.055135544023210435 7
0.055135544023210435 7
0.055135544023210435 7
0.055135544023210435 7
0.055135544023210435 7
0.055135544023210435 7
0.055135544023210435 7
0.055135544023210435 7
0.055135544023210435 7
0.055135544023210435 7
0.055135544023210435 7
0.055135544023210435 7
0.055135544023210435 7
0.055135544023210435 7
0.055135544023210435 7
0.055135544023210435 7
0.055135544023210435 7
0.055135544023210435 7
0.055135544023210435 7
0.055135544023210435 7
0.055135544023210435 7
0.055135544023210435 7
0.055135544023210435 7
0.055135544023210435 7
0.055135544023210435 7
0.055135544023210435 7
0.055135544023210435 7
0.055135544023210435 7
0.055135544023210435 7
0.055135544023210435 7
0.055135544023210435 7
0.055135544023210435 7
0.055135544023210435 7
0.055135544023210435 7
0.055135544023210435 7
0.055135544023210435 7
0.055135544023210435 7
0.055135544023210435 7
0.055135544023210435 7
0.055135544023210435 7
0.055135544023210435 7
0.055135544023210435 7
0.055135544023210435 7
0.055135544023210435 7
0.055135544023210435 7
0.055135544023210435 7
0.055135544023210435 7
0.055135544023210435 7
0.055135544023210435 7
0.055135544023210435 7
0.055135544023210435 7
0.055135544023210435 7
0.055135544023210435 7
0.055135544023210435 7
0.055135544023210435 7
0.055135544023210435 7
0.055135544023210435 7
0.055135544023210435 7
0.055135544023210435 7
0.055135544023210435 7
0.055135544023210435 7
0.055135544023210435 7
0.055135544023210435 7
0.055135544023210435 7
0.055135544023210435 7
0.055135544023210435 7
0.055135544023210435 7
0.055135544023210435 7
0.055135544023210435 7
0.055135544023210435 7
0.055135544023210435 7
0.055135544023210435 7
0.055135544023210435 7
0.055135544023210435 7
0.055135544023210435 7
0.055135544023210435 7
0.055135544023210435 7
0.055135544023210435 7
0.055135544023210435 7
0.055135544023210435 7
0.055135544023210435 7
0.055135544023210435 7
0.055135544023210435 7
0.055135544023210435 7
0.055135544023210435 7
0.055135544023210435 7
0.055135544023210435 7
0.055135544023210435 7
0.055135544023210435 7
0.055135544023210435 7
0.055135544023210435 7
0.055135544023210435 7
0.055135544023210435 7
0.055135544023210435 7
0.055135544023210435 7
0.055135544023210435 7
0.055135544023210435 7
0.055135544023210435 7
0.055135544023210435 7
0.055135544023210435 7
0.055135544023210435 7
0.055135544023210435 7
0.055135544023210435 7
0.055135544023210435 7
0.055135544023210435 7
0.055135544023210435 7
0.055135544023210435 7
0.055135544023210435 7
0.055135544023210435 7
0.055135544023210435 7
0.055135544023210435 7
0.055135544023210435 7
0.055135544023210435 7
0.055135544023210435 7
0.055135544023210435 7
0.055135544023210435 7
0.055135544023210435 7
0.055135544023210435 7
0.055135544023210435 7
0.055135544023210435 7
0.055135544023210435 7
0.055135544023210435 7
0.055135544023210435 7
0.055135544023210435 7
0.055135544023210435 7
0.055135544023210435 7
0.055135544023210435 7
0.055135544023210435 7
0.055135544023210435 7
0.055135544023210435 7
0.055135544023210435 7
0.055135544023210435 7
0.055135544023210435 7
0.055135544023210435 7
0.055135544023210435 7
0.055135544023210435 7
0.055135544023210435 7
0.055135544023210435 7
0.055135544023210435 7
0.055135544023210435 7
0.055135544023210435 7
0.055135544023210435 7
0.055135544023210435 7
0.055135544023210435 7
0.055135544023210435 7
0.055135544023210435 7
0.055135544023210435 7
0.05513554392523094 7
0.05513554392523094 7
0.05513554392414797 7
0.05513554392414797 7
0.05513554392414797 7
0.05513554392411487 7
0.05513554392411487 7
0.055134389457921665 7
0.055134389457921665 7
0.055134389457921665 7
0.05513437594197437 7
0.05513437594197437 7
0.05513436042475258 7
0.055134344420088105 7
0.055134344420088105 7
0.055134344420088105 7
0.05513434354912089 7
0.05513434291015331 7
0.055134341886380785 7
0.055134341886380785 7
0.055134341886380785 7
0.055134341886380785 7
0.055134341886380785 7
0.055134341886380785 7
0.055134341886380785 7
0.055134341885295465 7
0.055134341885295465 7
0.05513434188516498 7
0.05513434188516498 7
0.0551343418830988 7
0.0551343418830988 7
0.0551343418830988 7
0.0551343418830988 7
0.0551343418830988 7
0.0551343418830988 7
0.0551343418830988 7
0.0551343418830988 7
0.0551343418830988 7
0.0551343418830988 7
0.0551343418830988 7
0.0551343418830988 7
0.0551343418830988 7
0.0551343418830988 7
0.0551343418830988 7
0.0551343418830988 7
0.0551343418830988 7
0.0551343418830988 7
0.0551343418830988 7
0.0551343418830988 7
0.0551343418830988 7
0.0551343418830988 7
0.0551343418830988 7
0.0551343418830988 7
0.0551343418830988 7
0.0551343418830988 7
0.0551343418830988 7
0.0551343418830988 7
0.0551343418830988 7
0.0551343418830988 7
0.0551343418830988 7
0.0551343418830988 7
0.0551343418830988 7
0.0551343418830988 7
0.0551343418830988 7
0.0551343418830988 7
0.0551343418830988 7
0.0551343418830988 7
0.0551343418830988 7
0.0551343418830988 7
0.0551343418830988 7
0.0551343418830988 7
0.0551343418830988 7
0.0551343418830988 7
0.0551343418830988 7
0.0551343418830988 7
0.0551343418830988 7
0.0551343418830988 7
0.0551343418830988 7
0.0551343418830988 7
0.0551343418830988 7
0.0551343418830988 7
0.0551343418830988 7
0.0551343418830988 7
0.0551343418830988 7
0.0551343418830988 7
0.0551343418830988 7
0.0551343418830988 7
0.0551343418830988 7
0.0551343418830988 7
0.0551343418830988 7
0.0551343418830988 7
0.0551343418830988 7
0.0551343418830988 7
0.0551343418830988 7
0.05513434174847824 7
0.05513434174847824 7
0.05513434174847824 7
0.05513434174708977 7
0.05513434174708977 7
0.05513434174708977 7
0.0551343417459271 7
0.05513434174284367 7
0.05513434173909728 7
0.05513434173900612 7
0.05513434173873579 7
0.05513434173873579 7
0.05513434173873579 7
0.05513434173873579 7
0.05513434173873579 7
0.0551343417385904 7
0.0551343417385904 7
0.0551343417385904 7
0.0551343417385904 7
0.0551343417385904 7
0.0551343417385904 7
0.0551343417385904 7
0.0551343417385904 7
0.0551343417385904 7
0.0551343417385904 7
0.0551343417385904 7
0.0551343417385904 7
0.0551343417385904 7
0.0551343417385904 7
0.0551343417385904 7
0.0551343417385904 7
0.0551343417385904 7
0.0551343417385904 7
0.0551343417385904 7
0.0551343417385904 7
0.0551343417385904 7
0.0551343417385904 7
0.0551343417385904 7
0.0551343417385904 7
0.0551343417385904 7
0.0551343417385904 7
0.0551343417385904 7
0.0551343417385904 7
0.0551343417385904 7
0.0551343417385904 7
0.0551343417385904 7
0.0551343417385904 7
0.0551343417385904 7
0.0551343417385904 7
0.0551343417385904 7
0.0551343417385904 7
0.0551343417385904 7
0.0551343417385904 7
0.0551343417385904 7
0.0551343417385904 7
0.0551343417385904 7
0.0551343417385904 7
0.0551343417385904 7
0.0551343417385904 7
0.0551343417385904 7
0.0551343417385904 7
0.0551343417385904 7
0.0551343417385904 7
0.0551343417385904 7
0.0551343417385904 7
0.0551343417385904 7
0.0551343417385904 7
0.05513434172658501 7
0.05513434172658501 7
0.05513434172658501 7
0.055134341726559795 7
0.05513434172653882 7
0.05513434172648085 7
0.05513434172634067 7
0.05513434172634067 7
0.05513434172634067 7
0.05513434172634067 7
0.05513434172634067 7
0.05513434172634067 7
0.05513434172634067 7
0.05513434172634067 7
0.05513434172634067 7
0.05513434172634067 7
0.05513434172634067 7
0.05513434172634067 7
0.05513434172634067 7
0.05513434172634067 7
0.05513434172634067 7
0.05513434172634067 7
0.05513434172634067 7
0.05513434172634067 7
0.05513434172634067 7
0.05513434172634067 7
0.05513434172634067 7
0.05513434172634067 7
0.05513434172634067 7
0.05513434172634067 7
0.05513434172634067 7
0.05513434172634067 7
0.05513434172634067 7
0.05513434172634067 7
0.05513434172634067 7
0.05513434172634067 7
0.05513434172634067 7
0.05513434172634067 7
0.05513434172634067 7
0.05513434172634067 7
0.05513434172634067 7
0.05513434172634067 7
0.05513434172634067 7
0.05513434172634067 7
0.05513434172634067 7
0.05513434172634067 7
0.05513434172634067 7
0.05513434172634067 7
0.05513434172634067 7
0.05513434172634067 7
0.05513434172634067 7
0.05513434172634067 7
0.05513434172634067 7
0.05513434172634067 7
0.05513434172634067 7
0.05513434172634067 7
0.05513434172634067 7
0.05513434172634067 7
0.05513434172634067 7
0.05513434172634067 7
0.05513434172634067 7
0.05513434172634067 7
0.05513434172634067 7
0.05513434172634067 7
0.05513434172634067 7
0.05513434172634067 7
0.05513434172634067 7
0.05513434172634067 7
0.05513434172634067 7
0.05513434172634067 7
0.05513434172634067 7
0.05513434172634067 7
0.05513434172634067 7
0.05513434172634067 7
0.05513434172634067 7
0.05513434172634067 7
0.05513434172634067 7
0.05513434172634067 7
0.05513434172634067 7
0.05513434172634067 7
0.05513434172634067 7
0.05513434172634067 7
0.05513434172634067 7
0.05513434172634067 7
0.05513434172634067 7
0.05513434172634067 7
0.05513434172634067 7
0.05513434172634067 7
0.05513434172634067 7
0.05513434172634067 7
0.05513434172634067 7
0.05513434172634067 7
0.05513434172634067 7
0.05513434172634067 7
0.05513434172634067 7
0.05513434172634067 7
0.05513434172634067 7
0.05513434172634067 7
0.05513434172634067 7
0.05513434172634067 7
0.05513434172634067 7
0.05513434172634067 7
0.05513434172634067 7
0.05513434172634067 7
0.05513434172634067 7
0.05513434172634067 7
0.05513434172634067 7
0.05513434172634067 7
0.05513434172634067 7
0.05513434172634067 7
0.05513434172634067 7
0.05513434172634067 7
0.05513434172634067 7
0.05513434172634067 7
0.05513434172634067 7
0.05513434172634067 7
0.05513434172634067 7
0.05513434172634067 7
0.05513434172634067 7
0.05513434172634067 7
0.05513434172634067 7
0.05513434172634067 7
0.05513434172634067 7
0.05513434172634067 7
0.05513434172634067 7
0.05513434172634067 7
0.05513434172634067 7
0.05513434172634067 7
0.05513434172634067 7
0.05513434172634067 7
0.05513434172634067 7
0.05513434172634067 7
0.05513434172634067 7
0.05513434172634067 7
0.05513434172634067 7
0.05513434172634067 7
0.05513434172634067 7
0.05513434172634067 7
0.05513434172634067 7
0.05513434172634067 7
0.05513434172634067 7
0.05513434172634067 7
0.05513434172634067 7
0.05513434172634067 7
0.05513434172634067 7
0.05513434172634067 7
0.05513434172634067 7
0.05513434172634067 7
0.05513434172634067 7
0.05513434172634067 7
0.05513434172634067 7
0.05513434172634067 7
0.05513434172634067 7
0.05513434172634067 7
0.05513434172634067 7
0.05513434172634067 7
0.05513434172634067 7
0.05513434172634067 7
0.05513434172634067 7
0.05513434172634067 7
0.05513434172634067 7
0.05513434172634067 7
0.05513434172634067 7
0.05513434172634067 7
0.05513434172634067 7
0.05513434172634067 7
0.05513434172634067 7
0.05513434172634067 7
0.05513434172634067 7
0.05513434172634067 7
0.05513434172634067 7
0.05513434172634067 7
0.05513434172634067 7
0.05513434172634067 7
0.05513434172634067 7
0.05513434172634067 7
0.05513434172634067 7
0.05513434172634067 7
0.05513434172634067 7
0.05513434172634067 7
0.05513434172634067 7
0.05513434172634067 7
0.05513434172634067 7
0.05513434172634067 7
0.05513434172634067 7
0.05513434172634067 7
0.05513434172634067 7
0.05513434172634067 7
0.05513434172634067 7
0.05513434172634067 7
